0,0.5,0.5,0.5,0.001,False,[]
1,1.5,0.5,0.5,0.001,False,[]
2,2.5,0.5,0.5,0.001,False,[]
3,3.5,0.5,0.5,0.001,False,[]
4,4.5,0.5,0.5,0.001,False,[]
5,5.5,0.5,0.5,0.001,False,[]
6,6.5,0.5,0.5,0.001,False,[]
7,7.5,0.5,0.5,0.001,False,[]
8,8.5,0.5,0.5,0.001,False,[]
9,9.5,0.5,0.5,0.001,False,[]
10,0.5,1.5,0.5,0.001,False,[]
11,1.5,1.5,0.5,0.001,False,[]
12,2.5,1.5,0.5,0.001,False,[]
13,3.5,1.5,0.5,0.001,False,[]
14,4.5,1.5,0.5,0.0146304132597,False,[]
15,5.5,1.5,0.5,0.01765,False,[]
16,6.5,1.5,0.5,0.0153772198153,False,[]
17,7.5,1.5,0.5,0.001,False,[]
18,8.5,1.5,0.5,0.001,False,[]
19,9.5,1.5,0.5,0.001,False,[]
20,0.5,2.5,0.5,0.001,False,[]
21,1.5,2.5,0.5,1.0,True,[31, 22, 32]
22,2.5,2.5,0.5,1.0,True,[32, 23, 21, 33, 31]
23,3.5,2.5,0.5,1.0,True,[33, 22, 24, 34, 32, 124]
24,4.5,2.5,0.5,1.0,True,[23, 34, 124, 25, 33, 134, 35, 125]
25,5.5,2.5,0.5,1.0,True,[125, 35, 24, 26, 135, 126, 34, 124, 36]
26,6.5,2.5,0.5,1.0,True,[126, 25, 36, 125, 35, 136]
27,7.5,2.5,0.5,0.0153772198153,False,[]
28,8.5,2.5,0.5,0.001,False,[]
29,9.5,2.5,0.5,0.001,False,[]
30,0.5,3.5,0.5,0.001,False,[]
31,1.5,3.5,0.5,1.0,True,[21, 32, 41, 22, 42]
32,2.5,3.5,0.5,1.0,True,[22, 33, 31, 42, 23, 21, 43, 41]
33,3.5,3.5,0.5,1.0,True,[23, 32, 34, 43, 24, 22, 134, 42, 44]
34,4.5,3.5,0.5,1.0,True,[35, 24, 33, 134, 44, 23, 43, 45, 124, 25]
35,5.5,3.5,0.5,1.0,True,[36, 25, 135, 34, 45, 26, 134, 24, 125, 145]
36,6.5,3.5,0.5,1.0,True,[26, 35, 136, 46, 25, 135, 126, 146, 45]
37,7.5,3.5,0.5,0.0176731826433,False,[]
38,8.5,3.5,0.5,0.001,False,[]
39,9.5,3.5,0.5,0.001,False,[]
40,0.5,4.5,0.5,0.001,False,[]
41,1.5,4.5,0.5,1.0,True,[51, 31, 42, 32, 52]
42,2.5,4.5,0.5,1.0,True,[43, 32, 52, 41, 33, 53, 31, 51]
43,3.5,4.5,0.5,1.0,True,[42, 33, 53, 44, 32, 34, 54, 52, 144]
44,4.5,4.5,0.5,1.0,True,[43, 45, 34, 54, 144, 33, 134, 55, 145, 35]
45,5.5,4.5,0.5,1.0,True,[145, 35, 44, 55, 46, 34, 54, 135, 144, 56]
46,6.5,4.5,0.5,1.0,True,[146, 36, 56, 45, 35, 136, 55, 145]
47,7.5,4.5,0.5,0.0147353424292,False,[]
48,8.5,4.5,0.5,0.001,False,[]
49,9.5,4.5,0.5,0.001,False,[]
50,0.5,5.5,0.5,0.001,False,[]
51,1.5,5.5,0.5,1.0,True,[61, 41, 52, 42, 62]
52,2.5,5.5,0.5,1.0,True,[62, 53, 42, 51, 63, 41, 43, 61]
53,3.5,5.5,0.5,1.0,True,[63, 43, 52, 54, 44, 42, 62, 64]
54,4.5,5.5,0.5,1.0,True,[64, 55, 44, 53, 45, 65, 144, 43, 63]
55,5.5,5.5,0.5,1.0,True,[65, 54, 45, 56, 44, 64, 46, 145, 66]
56,6.5,5.5,0.5,1.0,True,[66, 46, 55, 45, 146, 65]
57,7.5,5.5,0.5,0.001,False,[]
58,8.5,5.5,0.5,0.001,False,[]
59,9.5,5.5,0.5,0.001,False,[]
60,0.5,6.5,0.5,0.001,False,[]
61,1.5,6.5,0.5,1.0,True,[62, 51, 52]
62,2.5,6.5,0.5,1.0,True,[61, 63, 52, 53, 51]
63,3.5,6.5,0.5,1.0,True,[64, 62, 53, 52, 54]
64,4.5,6.5,0.5,1.0,True,[63, 65, 54, 55, 53]
65,5.5,6.5,0.5,1.0,True,[66, 64, 55, 54, 56]
66,6.5,6.5,0.5,1.0,True,[65, 56, 55]
67,7.5,6.5,0.5,0.001,False,[]
68,8.5,6.5,0.5,0.001,False,[]
69,9.5,6.5,0.5,0.001,False,[]
70,0.5,7.5,0.5,0.001,False,[]
71,1.5,7.5,0.5,0.001,False,[]
72,2.5,7.5,0.5,0.001,False,[]
73,3.5,7.5,0.5,0.001,False,[]
74,4.5,7.5,0.5,0.001,False,[]
75,5.5,7.5,0.5,0.001,False,[]
76,6.5,7.5,0.5,0.001,False,[]
77,7.5,7.5,0.5,0.001,False,[]
78,8.5,7.5,0.5,0.001,False,[]
79,9.5,7.5,0.5,0.001,False,[]
80,0.5,8.5,0.5,0.001,False,[]
81,1.5,8.5,0.5,0.001,False,[]
82,2.5,8.5,0.5,0.001,False,[]
83,3.5,8.5,0.5,0.001,False,[]
84,4.5,8.5,0.5,0.001,False,[]
85,5.5,8.5,0.5,0.001,False,[]
86,6.5,8.5,0.5,0.001,False,[]
87,7.5,8.5,0.5,0.001,False,[]
88,8.5,8.5,0.5,0.001,False,[]
89,9.5,8.5,0.5,0.001,False,[]
90,0.5,9.5,0.5,0.001,False,[]
91,1.5,9.5,0.5,0.001,False,[]
92,2.5,9.5,0.5,0.001,False,[]
93,3.5,9.5,0.5,0.001,False,[]
94,4.5,9.5,0.5,0.001,False,[]
95,5.5,9.5,0.5,0.001,False,[]
96,6.5,9.5,0.5,0.001,False,[]
97,7.5,9.5,0.5,0.001,False,[]
98,8.5,9.5,0.5,0.001,False,[]
99,9.5,9.5,0.5,0.001,False,[]
100,0.5,0.5,1.5,0.001,False,[]
101,1.5,0.5,1.5,0.001,False,[]
102,2.5,0.5,1.5,0.001,False,[]
103,3.5,0.5,1.5,0.001,False,[]
104,4.5,0.5,1.5,0.001,False,[]
105,5.5,0.5,1.5,0.001,False,[]
106,6.5,0.5,1.5,0.001,False,[]
107,7.5,0.5,1.5,0.001,False,[]
108,8.5,0.5,1.5,0.001,False,[]
109,9.5,0.5,1.5,0.001,False,[]
110,0.5,1.5,1.5,0.001,False,[]
111,1.5,1.5,1.5,0.001,False,[]
112,2.5,1.5,1.5,0.001,False,[]
113,3.5,1.5,1.5,0.00100516327546,False,[]
114,4.5,1.5,1.5,0.0124950277106,False,[]
115,5.5,1.5,1.5,0.0152714285714,False,[]
116,6.5,1.5,1.5,0.00884998867373,False,[]
117,7.5,1.5,1.5,0.001,False,[]
118,8.5,1.5,1.5,0.001,False,[]
119,9.5,1.5,1.5,0.001,False,[]
120,0.5,2.5,1.5,0.001,False,[]
121,1.5,2.5,1.5,0.001,False,[]
122,2.5,2.5,1.5,0.00100516327546,False,[]
123,3.5,2.5,1.5,0.0129869967013,False,[]
124,4.5,2.5,1.5,0.789773394771,False,[24, 224, 134, 125, 234, 34, 225, 135, 23, 25]
125,5.5,2.5,1.5,0.973384205399,False,[25, 225, 135, 124, 126, 226, 134, 235, 224, 35]
126,6.5,2.5,1.5,0.553423139708,False,[136, 125, 226, 26, 225, 135, 236, 25, 36]
127,7.5,2.5,1.5,0.00886985951083,False,[]
128,8.5,2.5,1.5,0.001,False,[]
129,9.5,2.5,1.5,0.001,False,[]
130,0.5,3.5,1.5,0.001,False,[]
131,1.5,3.5,1.5,0.001,False,[]
132,2.5,3.5,1.5,0.00112412315586,False,[]
133,3.5,3.5,1.5,0.0240873984963,False,[]
134,4.5,3.5,1.5,0.973348511082,False,[34, 124, 234, 135, 144, 24, 235, 145, 224, 35]
135,5.5,3.5,1.5,1.0,False,[136, 125, 134, 35, 235, 145, 25, 225, 124, 36]
136,6.5,3.5,1.5,0.976229259242,False,[36, 135, 236, 126, 146, 35, 26, 235, 125, 226]
137,7.5,3.5,1.5,0.0172180914126,False,[]
138,8.5,3.5,1.5,0.0010198708371,False,[]
139,9.5,3.5,1.5,0.001,False,[]
140,0.5,4.5,1.5,0.001,False,[]
141,1.5,4.5,1.5,0.001,False,[]
142,2.5,4.5,1.5,0.001,False,[]
143,3.5,4.5,1.5,0.00567856959591,False,[]
144,4.5,4.5,1.5,0.327991786568,False,[244, 145, 134, 44, 245, 34, 45, 234, 135, 54]
145,5.5,4.5,1.5,0.972652886318,False,[146, 135, 144, 245, 45, 134, 35, 235, 244, 246]
146,6.5,4.5,1.5,0.768133260304,False,[145, 136, 246, 46, 135, 236, 245, 36, 56, 45]
147,7.5,4.5,1.5,0.0121935562824,False,[]
148,8.5,4.5,1.5,0.001,False,[]
149,9.5,4.5,1.5,0.001,False,[]
150,0.5,5.5,1.5,0.001,False,[]
151,1.5,5.5,1.5,0.001,False,[]
152,2.5,5.5,1.5,0.001,False,[]
153,3.5,5.5,1.5,0.001,False,[]
154,4.5,5.5,1.5,0.00555444644005,False,[]
155,5.5,5.5,1.5,0.0152714285714,False,[]
156,6.5,5.5,1.5,0.0121736854453,False,[]
157,7.5,5.5,1.5,0.001,False,[]
158,8.5,5.5,1.5,0.001,False,[]
159,9.5,5.5,1.5,0.001,False,[]
160,0.5,6.5,1.5,0.001,False,[]
161,1.5,6.5,1.5,0.001,False,[]
162,2.5,6.5,1.5,0.001,False,[]
163,3.5,6.5,1.5,0.001,False,[]
164,4.5,6.5,1.5,0.001,False,[]
165,5.5,6.5,1.5,0.001,False,[]
166,6.5,6.5,1.5,0.001,False,[]
167,7.5,6.5,1.5,0.001,False,[]
168,8.5,6.5,1.5,0.001,False,[]
169,9.5,6.5,1.5,0.001,False,[]
170,0.5,7.5,1.5,0.001,False,[]
171,1.5,7.5,1.5,0.001,False,[]
172,2.5,7.5,1.5,0.001,False,[]
173,3.5,7.5,1.5,0.001,False,[]
174,4.5,7.5,1.5,0.001,False,[]
175,5.5,7.5,1.5,0.001,False,[]
176,6.5,7.5,1.5,0.001,False,[]
177,7.5,7.5,1.5,0.001,False,[]
178,8.5,7.5,1.5,0.001,False,[]
179,9.5,7.5,1.5,0.001,False,[]
180,0.5,8.5,1.5,0.001,False,[]
181,1.5,8.5,1.5,0.001,False,[]
182,2.5,8.5,1.5,0.001,False,[]
183,3.5,8.5,1.5,0.001,False,[]
184,4.5,8.5,1.5,0.001,False,[]
185,5.5,8.5,1.5,0.001,False,[]
186,6.5,8.5,1.5,0.001,False,[]
187,7.5,8.5,1.5,0.001,False,[]
188,8.5,8.5,1.5,0.001,False,[]
189,9.5,8.5,1.5,0.001,False,[]
190,0.5,9.5,1.5,0.001,False,[]
191,1.5,9.5,1.5,0.001,False,[]
192,2.5,9.5,1.5,0.001,False,[]
193,3.5,9.5,1.5,0.001,False,[]
194,4.5,9.5,1.5,0.001,False,[]
195,5.5,9.5,1.5,0.001,False,[]
196,6.5,9.5,1.5,0.001,False,[]
197,7.5,9.5,1.5,0.001,False,[]
198,8.5,9.5,1.5,0.001,False,[]
199,9.5,9.5,1.5,0.001,False,[]
200,0.5,0.5,2.5,0.001,False,[]
201,1.5,0.5,2.5,0.001,False,[]
202,2.5,0.5,2.5,0.001,False,[]
203,3.5,0.5,2.5,0.001,False,[]
204,4.5,0.5,2.5,0.001,False,[]
205,5.5,0.5,2.5,0.001,False,[]
206,6.5,0.5,2.5,0.001,False,[]
207,7.5,0.5,2.5,0.001,False,[]
208,8.5,0.5,2.5,0.001,False,[]
209,9.5,0.5,2.5,0.001,False,[]
210,0.5,1.5,2.5,0.001,False,[]
211,1.5,1.5,2.5,0.001,False,[]
212,2.5,1.5,2.5,0.001,False,[]
213,3.5,1.5,2.5,0.00103739620537,False,[]
214,4.5,1.5,2.5,0.0138603895102,False,[]
215,5.5,1.5,2.5,0.0121249033001,False,[]
216,6.5,1.5,2.5,0.0101576761759,False,[]
217,7.5,1.5,2.5,0.001,False,[]
218,8.5,1.5,2.5,0.001,False,[]
219,9.5,1.5,2.5,0.001,False,[]
220,0.5,2.5,2.5,0.001,False,[]
221,1.5,2.5,2.5,0.001,False,[]
222,2.5,2.5,2.5,0.00103739620537,False,[]
223,3.5,2.5,2.5,0.0173120062062,False,[]
224,4.5,2.5,2.5,0.875012846796,False,[234, 324, 124, 225, 334, 235, 325, 134, 125]
225,5.5,2.5,2.5,0.770062214021,False,[125, 325, 235, 224, 226, 135, 124, 335, 324, 326]
226,6.5,2.5,2.5,0.633107829835,False,[236, 225, 326, 126, 325, 235, 125, 336, 136]
227,7.5,2.5,2.5,0.0108337385496,False,[]
228,8.5,2.5,2.5,0.001,False,[]
229,9.5,2.5,2.5,0.001,False,[]
230,0.5,3.5,2.5,0.001,False,[]
231,1.5,3.5,2.5,0.001,False,[]
232,2.5,3.5,2.5,0.00180815055245,False,[]
233,3.5,3.5,2.5,0.0708915681056,False,[]
234,4.5,3.5,2.5,0.9777993158,False,[235, 334, 224, 134, 244, 124, 344, 245, 324, 333]
235,5.5,3.5,2.5,0.994059439274,False,[236, 225, 135, 234, 335, 245, 136, 325, 134, 334]
236,6.5,3.5,2.5,0.978719703734,False,[136, 235, 336, 226, 246, 337, 126, 335, 225, 135]
237,7.5,3.5,2.5,0.061892218555,False,[]
238,8.5,3.5,2.5,0.00167492926671,False,[]
239,9.5,3.5,2.5,0.001,False,[]
240,0.5,4.5,2.5,0.001,False,[]
241,1.5,4.5,2.5,0.001,False,[]
242,2.5,4.5,2.5,0.001,False,[]
243,3.5,4.5,2.5,0.00875321200406,False,[]
244,4.5,4.5,2.5,0.489376500215,False,[344, 245, 234, 144, 345, 134, 145, 334, 235]
245,5.5,4.5,2.5,0.957947259228,False,[246, 235, 244, 345, 145, 234, 344, 335, 135, 346]
246,6.5,4.5,2.5,0.803570428155,False,[245, 236, 346, 146, 235, 336, 345, 136, 145]
247,7.5,4.5,2.5,0.0133974126623,False,[]
248,8.5,4.5,2.5,0.001,False,[]
249,9.5,4.5,2.5,0.001,False,[]
250,0.5,5.5,2.5,0.001,False,[]
251,1.5,5.5,2.5,0.001,False,[]
252,2.5,5.5,2.5,0.001,False,[]
253,3.5,5.5,2.5,0.001,False,[]
254,4.5,5.5,2.5,0.00794506145161,False,[]
255,5.5,5.5,2.5,0.0150683975815,False,[]
256,6.5,5.5,2.5,0.0127013840059,False,[]
257,7.5,5.5,2.5,0.001,False,[]
258,8.5,5.5,2.5,0.001,False,[]
259,9.5,5.5,2.5,0.001,False,[]
260,0.5,6.5,2.5,0.001,False,[]
261,1.5,6.5,2.5,0.001,False,[]
262,2.5,6.5,2.5,0.001,False,[]
263,3.5,6.5,2.5,0.001,False,[]
264,4.5,6.5,2.5,0.001,False,[]
265,5.5,6.5,2.5,0.001,False,[]
266,6.5,6.5,2.5,0.001,False,[]
267,7.5,6.5,2.5,0.001,False,[]
268,8.5,6.5,2.5,0.001,False,[]
269,9.5,6.5,2.5,0.001,False,[]
270,0.5,7.5,2.5,0.001,False,[]
271,1.5,7.5,2.5,0.001,False,[]
272,2.5,7.5,2.5,0.001,False,[]
273,3.5,7.5,2.5,0.001,False,[]
274,4.5,7.5,2.5,0.001,False,[]
275,5.5,7.5,2.5,0.001,False,[]
276,6.5,7.5,2.5,0.001,False,[]
277,7.5,7.5,2.5,0.001,False,[]
278,8.5,7.5,2.5,0.001,False,[]
279,9.5,7.5,2.5,0.001,False,[]
280,0.5,8.5,2.5,0.001,False,[]
281,1.5,8.5,2.5,0.001,False,[]
282,2.5,8.5,2.5,0.001,False,[]
283,3.5,8.5,2.5,0.001,False,[]
284,4.5,8.5,2.5,0.001,False,[]
285,5.5,8.5,2.5,0.001,False,[]
286,6.5,8.5,2.5,0.001,False,[]
287,7.5,8.5,2.5,0.001,False,[]
288,8.5,8.5,2.5,0.001,False,[]
289,9.5,8.5,2.5,0.001,False,[]
290,0.5,9.5,2.5,0.001,False,[]
291,1.5,9.5,2.5,0.001,False,[]
292,2.5,9.5,2.5,0.001,False,[]
293,3.5,9.5,2.5,0.001,False,[]
294,4.5,9.5,2.5,0.001,False,[]
295,5.5,9.5,2.5,0.001,False,[]
296,6.5,9.5,2.5,0.001,False,[]
297,7.5,9.5,2.5,0.001,False,[]
298,8.5,9.5,2.5,0.001,False,[]
299,9.5,9.5,2.5,0.001,False,[]
300,0.5,0.5,3.5,0.001,False,[]
301,1.5,0.5,3.5,0.001,False,[]
302,2.5,0.5,3.5,0.001,False,[]
303,3.5,0.5,3.5,0.001,False,[]
304,4.5,0.5,3.5,0.001,False,[]
305,5.5,0.5,3.5,0.001,False,[]
306,6.5,0.5,3.5,0.001,False,[]
307,7.5,0.5,3.5,0.001,False,[]
308,8.5,0.5,3.5,0.001,False,[]
309,9.5,0.5,3.5,0.001,False,[]
310,0.5,1.5,3.5,0.001,False,[]
311,1.5,1.5,3.5,0.001,False,[]
312,2.5,1.5,3.5,0.001,False,[]
313,3.5,1.5,3.5,0.00124494572464,False,[]
314,4.5,1.5,3.5,0.0150191623531,False,[]
315,5.5,1.5,3.5,0.0075074799829,False,[]
316,6.5,1.5,3.5,0.0137702340296,False,[]
317,7.5,1.5,3.5,0.00100113310691,False,[]
318,8.5,1.5,3.5,0.001,False,[]
319,9.5,1.5,3.5,0.001,False,[]
320,0.5,2.5,3.5,0.001,False,[]
321,1.5,2.5,3.5,0.001,False,[]
322,2.5,2.5,3.5,0.00124494572464,False,[]
323,3.5,2.5,3.5,0.0360992166592,False,[]
324,4.5,2.5,3.5,0.945704438752,False,[334, 224, 424, 325, 234, 333, 225, 434, 425, 423]
325,5.5,2.5,3.5,0.470705283031,False,[324, 225, 425, 335, 326, 435, 424, 235, 224, 226]
326,6.5,2.5,3.5,0.861792248171,False,[426, 325, 226, 336, 225, 425, 335, 236, 337, 436]
327,7.5,2.5,3.5,0.0173975899748,False,[]
328,8.5,2.5,3.5,0.00100113310691,False,[]
329,9.5,2.5,3.5,0.001,False,[]
330,0.5,3.5,3.5,0.001,False,[]
331,1.5,3.5,3.5,0.001,False,[]
332,2.5,3.5,3.5,0.00473698481617,False,[]
333,3.5,3.5,3.5,0.264605879665,False,[433, 334, 423, 324, 234, 434, 344]
334,4.5,3.5,3.5,0.983349151708,False,[335, 324, 434, 333, 234, 344, 435, 345, 224, 235]
335,5.5,3.5,3.5,0.812110879687,False,[336, 435, 325, 334, 235, 345, 434, 225, 326, 234]
336,6.5,3.5,3.5,0.984938730108,False,[326, 337, 236, 436, 335, 346, 246, 235, 435, 325]
337,7.5,3.5,3.5,0.24267437716,False,[336, 437, 436, 326, 236, 346]
338,8.5,3.5,3.5,0.0044054460773,False,[]
339,9.5,3.5,3.5,0.001,False,[]
340,0.5,4.5,3.5,0.001,False,[]
341,1.5,4.5,3.5,0.001,False,[]
342,2.5,4.5,3.5,0.001,False,[]
343,3.5,4.5,3.5,0.0157523297595,False,[]
344,4.5,4.5,3.5,0.749149708413,False,[244, 345, 334, 444, 245, 445, 333, 234, 434, 335]
345,5.5,4.5,3.5,0.656649978884,False,[445, 335, 344, 245, 346, 334, 244, 235, 435, 444]
346,6.5,4.5,3.5,0.957159846922,False,[446, 336, 246, 345, 335, 337, 236, 436, 245, 445]
347,7.5,4.5,3.5,0.0203642656239,False,[]
348,8.5,4.5,3.5,0.00102109938968,False,[]
349,9.5,4.5,3.5,0.001,False,[]
350,0.5,5.5,3.5,0.001,False,[]
351,1.5,5.5,3.5,0.001,False,[]
352,2.5,5.5,3.5,0.001,False,[]
353,3.5,5.5,3.5,0.001,False,[]
354,4.5,5.5,3.5,0.0119982947187,False,[]
355,5.5,5.5,3.5,0.0103805114094,False,[]
356,6.5,5.5,3.5,0.0151683401808,False,[]
357,7.5,5.5,3.5,0.00102109938968,False,[]
358,8.5,5.5,3.5,0.001,False,[]
359,9.5,5.5,3.5,0.001,False,[]
360,0.5,6.5,3.5,0.001,False,[]
361,1.5,6.5,3.5,0.001,False,[]
362,2.5,6.5,3.5,0.001,False,[]
363,3.5,6.5,3.5,0.001,False,[]
364,4.5,6.5,3.5,0.001,False,[]
365,5.5,6.5,3.5,0.001,False,[]
366,6.5,6.5,3.5,0.001,False,[]
367,7.5,6.5,3.5,0.001,False,[]
368,8.5,6.5,3.5,0.001,False,[]
369,9.5,6.5,3.5,0.001,False,[]
370,0.5,7.5,3.5,0.001,False,[]
371,1.5,7.5,3.5,0.001,False,[]
372,2.5,7.5,3.5,0.001,False,[]
373,3.5,7.5,3.5,0.001,False,[]
374,4.5,7.5,3.5,0.001,False,[]
375,5.5,7.5,3.5,0.001,False,[]
376,6.5,7.5,3.5,0.001,False,[]
377,7.5,7.5,3.5,0.001,False,[]
378,8.5,7.5,3.5,0.001,False,[]
379,9.5,7.5,3.5,0.001,False,[]
380,0.5,8.5,3.5,0.001,False,[]
381,1.5,8.5,3.5,0.001,False,[]
382,2.5,8.5,3.5,0.001,False,[]
383,3.5,8.5,3.5,0.001,False,[]
384,4.5,8.5,3.5,0.001,False,[]
385,5.5,8.5,3.5,0.001,False,[]
386,6.5,8.5,3.5,0.001,False,[]
387,7.5,8.5,3.5,0.001,False,[]
388,8.5,8.5,3.5,0.001,False,[]
389,9.5,8.5,3.5,0.001,False,[]
390,0.5,9.5,3.5,0.001,False,[]
391,1.5,9.5,3.5,0.001,False,[]
392,2.5,9.5,3.5,0.001,False,[]
393,3.5,9.5,3.5,0.001,False,[]
394,4.5,9.5,3.5,0.001,False,[]
395,5.5,9.5,3.5,0.001,False,[]
396,6.5,9.5,3.5,0.001,False,[]
397,7.5,9.5,3.5,0.001,False,[]
398,8.5,9.5,3.5,0.001,False,[]
399,9.5,9.5,3.5,0.001,False,[]
400,0.5,0.5,4.5,0.001,False,[]
401,1.5,0.5,4.5,0.001,False,[]
402,2.5,0.5,4.5,0.001,False,[]
403,3.5,0.5,4.5,0.001,False,[]
404,4.5,0.5,4.5,0.001,False,[]
405,5.5,0.5,4.5,0.001,False,[]
406,6.5,0.5,4.5,0.001,False,[]
407,7.5,0.5,4.5,0.001,False,[]
408,8.5,0.5,4.5,0.001,False,[]
409,9.5,0.5,4.5,0.001,False,[]
410,0.5,1.5,4.5,0.001,False,[]
411,1.5,1.5,4.5,0.001,False,[]
412,2.5,1.5,4.5,0.001,False,[]
413,3.5,1.5,4.5,0.00262914690797,False,[]
414,4.5,1.5,4.5,0.0145958618618,False,[]
415,5.5,1.5,4.5,0.00463184033614,False,[]
416,6.5,1.5,4.5,0.014566151646,False,[]
417,7.5,1.5,4.5,0.00114939102553,False,[]
418,8.5,1.5,4.5,0.001,False,[]
419,9.5,1.5,4.5,0.001,False,[]
420,0.5,2.5,4.5,0.001,False,[]
421,1.5,2.5,4.5,0.001,False,[]
422,2.5,2.5,4.5,0.00262914690797,False,[]
423,3.5,2.5,4.5,0.133616903815,False,[433, 523, 424, 434, 533, 524, 333, 324]
424,4.5,2.5,4.5,0.918104453608,False,[423, 524, 324, 434, 425, 523, 433, 534, 525, 334]
425,5.5,2.5,4.5,0.273203446444,False,[325, 525, 435, 424, 426, 524, 526, 535, 335, 324]
426,6.5,2.5,4.5,0.913152006904,False,[436, 526, 425, 326, 525, 527, 536, 437, 435, 325]
427,7.5,2.5,4.5,0.037142060308,False,[]
428,8.5,2.5,4.5,0.00114939102553,False,[]
429,9.5,2.5,4.5,0.001,False,[]
430,0.5,3.5,4.5,0.001,False,[]
431,1.5,3.5,4.5,0.001,False,[]
432,2.5,3.5,4.5,0.0101143265823,False,[]
433,3.5,3.5,4.5,0.616818680975,False,[423, 533, 434, 333, 534, 424, 523, 543, 334, 444]
434,4.5,3.5,4.5,0.984145721435,False,[435, 424, 433, 334, 534, 444, 423, 535, 333, 533]
435,5.5,3.5,4.5,0.361204573333,False,[436, 425, 335, 434, 535, 445, 426, 334, 534, 525]
436,6.5,3.5,4.5,0.984104187796,False,[336, 435, 437, 426, 536, 446, 546, 535, 537, 326]
437,7.5,3.5,4.5,0.591911234744,False,[436, 537, 337, 426, 536, 336, 527, 547, 446]
438,8.5,3.5,4.5,0.00975723787811,False,[]
439,9.5,3.5,4.5,0.001,False,[]
440,0.5,4.5,4.5,0.001,False,[]
441,1.5,4.5,4.5,0.001,False,[]
442,2.5,4.5,4.5,0.00101705022462,False,[]
443,3.5,4.5,4.5,0.0264166305068,False,[]
444,4.5,4.5,4.5,0.918692684278,False,[434, 544, 445, 344, 545, 534, 543, 433, 334, 345]
445,5.5,4.5,4.5,0.325249176645,False,[446, 435, 545, 444, 345, 434, 546, 535, 544, 335]
446,6.5,4.5,4.5,0.944941615195,False,[445, 546, 436, 346, 536, 435, 547, 336, 545, 437]
447,7.5,4.5,4.5,0.0562544468174,False,[]
448,8.5,4.5,4.5,0.00144011842637,False,[]
449,9.5,4.5,4.5,0.001,False,[]
450,0.5,5.5,4.5,0.001,False,[]
451,1.5,5.5,4.5,0.001,False,[]
452,2.5,5.5,4.5,0.001,False,[]
453,3.5,5.5,4.5,0.00101705022462,False,[]
454,4.5,5.5,4.5,0.0146618449852,False,[]
455,5.5,5.5,4.5,0.00538179209616,False,[]
456,6.5,5.5,4.5,0.0150136474801,False,[]
457,7.5,5.5,4.5,0.00144011842637,False,[]
458,8.5,5.5,4.5,0.001,False,[]
459,9.5,5.5,4.5,0.001,False,[]
460,0.5,6.5,4.5,0.001,False,[]
461,1.5,6.5,4.5,0.001,False,[]
462,2.5,6.5,4.5,0.001,False,[]
463,3.5,6.5,4.5,0.001,False,[]
464,4.5,6.5,4.5,0.001,False,[]
465,5.5,6.5,4.5,0.001,False,[]
466,6.5,6.5,4.5,0.001,False,[]
467,7.5,6.5,4.5,0.001,False,[]
468,8.5,6.5,4.5,0.001,False,[]
469,9.5,6.5,4.5,0.001,False,[]
470,0.5,7.5,4.5,0.001,False,[]
471,1.5,7.5,4.5,0.001,False,[]
472,2.5,7.5,4.5,0.001,False,[]
473,3.5,7.5,4.5,0.001,False,[]
474,4.5,7.5,4.5,0.001,False,[]
475,5.5,7.5,4.5,0.001,False,[]
476,6.5,7.5,4.5,0.001,False,[]
477,7.5,7.5,4.5,0.001,False,[]
478,8.5,7.5,4.5,0.001,False,[]
479,9.5,7.5,4.5,0.001,False,[]
480,0.5,8.5,4.5,0.001,False,[]
481,1.5,8.5,4.5,0.001,False,[]
482,2.5,8.5,4.5,0.001,False,[]
483,3.5,8.5,4.5,0.001,False,[]
484,4.5,8.5,4.5,0.001,False,[]
485,5.5,8.5,4.5,0.001,False,[]
486,6.5,8.5,4.5,0.001,False,[]
487,7.5,8.5,4.5,0.001,False,[]
488,8.5,8.5,4.5,0.001,False,[]
489,9.5,8.5,4.5,0.001,False,[]
490,0.5,9.5,4.5,0.001,False,[]
491,1.5,9.5,4.5,0.001,False,[]
492,2.5,9.5,4.5,0.001,False,[]
493,3.5,9.5,4.5,0.001,False,[]
494,4.5,9.5,4.5,0.001,False,[]
495,5.5,9.5,4.5,0.001,False,[]
496,6.5,9.5,4.5,0.001,False,[]
497,7.5,9.5,4.5,0.001,False,[]
498,8.5,9.5,4.5,0.001,False,[]
499,9.5,9.5,4.5,0.001,False,[]
500,0.5,0.5,5.5,0.001,False,[]
501,1.5,0.5,5.5,0.001,False,[]
502,2.5,0.5,5.5,0.001,False,[]
503,3.5,0.5,5.5,0.001,False,[]
504,4.5,0.5,5.5,0.00100240041095,False,[]
505,5.5,0.5,5.5,0.001,False,[]
506,6.5,0.5,5.5,0.00100769907153,False,[]
507,7.5,0.5,5.5,0.001,False,[]
508,8.5,0.5,5.5,0.001,False,[]
509,9.5,0.5,5.5,0.001,False,[]
510,0.5,1.5,5.5,0.001,False,[]
511,1.5,1.5,5.5,0.001,False,[]
512,2.5,1.5,5.5,0.001,False,[]
513,3.5,1.5,5.5,0.00658330254741,False,[]
514,4.5,1.5,5.5,0.0147166499325,False,[]
515,5.5,1.5,5.5,0.00225202505215,False,[]
516,6.5,1.5,5.5,0.0150270670056,False,[]
517,7.5,1.5,5.5,0.00534374703244,False,[]
518,8.5,1.5,5.5,0.001,False,[]
519,9.5,1.5,5.5,0.001,False,[]
520,0.5,2.5,5.5,0.001,False,[]
521,1.5,2.5,5.5,0.001,False,[]
522,2.5,2.5,5.5,0.0064063023253,False,[]
523,3.5,2.5,5.5,0.387711635265,False,[533, 423, 623, 524, 433, 424, 624, 633, 534]
524,4.5,2.5,5.5,0.915718388149,False,[525, 424, 624, 534, 523, 423, 425, 434, 634, 535]
525,5.5,2.5,5.5,0.112370170147,False,[524, 425, 535, 526, 435, 424, 426, 624, 626, 534]
526,6.5,2.5,5.5,0.912605806587,False,[626, 525, 426, 527, 536, 436, 537, 425, 535, 627]
527,7.5,2.5,5.5,0.312535393325,False,[627, 526, 537, 536, 426, 437, 626, 637]
528,8.5,2.5,5.5,0.00526557197449,False,[]
529,9.5,2.5,5.5,0.001,False,[]
530,0.5,3.5,5.5,0.001,False,[]
531,1.5,3.5,5.5,0.001,False,[]
532,2.5,3.5,5.5,0.0138471691864,False,[]
533,3.5,3.5,5.5,0.862161404604,False,[523, 433, 633, 534, 543, 634, 524, 434, 423, 623]
534,4.5,3.5,5.5,0.972897148989,False,[524, 634, 535, 533, 434, 544, 633, 424, 433, 435]
535,5.5,3.5,5.5,0.0909376321641,False,[536, 435, 534, 525, 545, 434, 634, 425, 544, 445]
536,6.5,3.5,5.5,0.972794699692,False,[526, 436, 537, 636, 535, 546, 426, 435, 637, 525]
537,7.5,3.5,5.5,0.81932944341,False,[527, 437, 536, 637, 547, 636, 627, 436, 526, 647]
538,8.5,3.5,5.5,0.013181626445,False,[]
539,9.5,3.5,5.5,0.001,False,[]
540,0.5,4.5,5.5,0.001,False,[]
541,1.5,4.5,5.5,0.001,False,[]
542,2.5,4.5,5.5,0.00254960626295,False,[]
543,3.5,4.5,5.5,0.139509744339,False,[643, 533, 544, 444, 433, 633, 534, 644]
544,4.5,4.5,5.5,0.920353900328,False,[543, 545, 534, 444, 644, 634, 535, 445, 434, 645]
545,5.5,4.5,5.5,0.156228207613,False,[645, 535, 544, 445, 546, 534, 444, 435, 536, 644]
546,6.5,4.5,5.5,0.940755734574,False,[547, 536, 446, 646, 545, 647, 445, 436, 537, 636]
547,7.5,4.5,5.5,0.315703094126,False,[647, 537, 546, 446, 437, 536, 637, 646]
548,8.5,4.5,5.5,0.00530165983113,False,[]
549,9.5,4.5,5.5,0.001,False,[]
550,0.5,5.5,5.5,0.001,False,[]
551,1.5,5.5,5.5,0.001,False,[]
552,2.5,5.5,5.5,0.001,False,[]
553,3.5,5.5,5.5,0.00255816576514,False,[]
554,4.5,5.5,5.5,0.0147044861199,False,[]
555,5.5,5.5,5.5,0.00290100983845,False,[]
556,6.5,5.5,5.5,0.0150905316871,False,[]
557,7.5,5.5,5.5,0.00535435575245,False,[]
558,8.5,5.5,5.5,0.001,False,[]
559,9.5,5.5,5.5,0.001,False,[]
560,0.5,6.5,5.5,0.001,False,[]
561,1.5,6.5,5.5,0.001,False,[]
562,2.5,6.5,5.5,0.001,False,[]
563,3.5,6.5,5.5,0.001,False,[]
564,4.5,6.5,5.5,0.001,False,[]
565,5.5,6.5,5.5,0.001,False,[]
566,6.5,6.5,5.5,0.00100199550473,False,[]
567,7.5,6.5,5.5,0.001,False,[]
568,8.5,6.5,5.5,0.001,False,[]
569,9.5,6.5,5.5,0.001,False,[]
570,0.5,7.5,5.5,0.001,False,[]
571,1.5,7.5,5.5,0.001,False,[]
572,2.5,7.5,5.5,0.001,False,[]
573,3.5,7.5,5.5,0.001,False,[]
574,4.5,7.5,5.5,0.001,False,[]
575,5.5,7.5,5.5,0.001,False,[]
576,6.5,7.5,5.5,0.001,False,[]
577,7.5,7.5,5.5,0.001,False,[]
578,8.5,7.5,5.5,0.001,False,[]
579,9.5,7.5,5.5,0.001,False,[]
580,0.5,8.5,5.5,0.001,False,[]
581,1.5,8.5,5.5,0.001,False,[]
582,2.5,8.5,5.5,0.001,False,[]
583,3.5,8.5,5.5,0.001,False,[]
584,4.5,8.5,5.5,0.001,False,[]
585,5.5,8.5,5.5,0.001,False,[]
586,6.5,8.5,5.5,0.001,False,[]
587,7.5,8.5,5.5,0.001,False,[]
588,8.5,8.5,5.5,0.001,False,[]
589,9.5,8.5,5.5,0.001,False,[]
590,0.5,9.5,5.5,0.001,False,[]
591,1.5,9.5,5.5,0.001,False,[]
592,2.5,9.5,5.5,0.001,False,[]
593,3.5,9.5,5.5,0.001,False,[]
594,4.5,9.5,5.5,0.001,False,[]
595,5.5,9.5,5.5,0.001,False,[]
596,6.5,9.5,5.5,0.001,False,[]
597,7.5,9.5,5.5,0.001,False,[]
598,8.5,9.5,5.5,0.001,False,[]
599,9.5,9.5,5.5,0.001,False,[]
600,0.5,0.5,6.5,0.001,False,[]
601,1.5,0.5,6.5,0.001,False,[]
602,2.5,0.5,6.5,0.001,False,[]
603,3.5,0.5,6.5,0.00121329002397,False,[]
604,4.5,0.5,6.5,0.00104150331825,False,[]
605,5.5,0.5,6.5,0.001,False,[]
606,6.5,0.5,6.5,0.00110145482249,False,[]
607,7.5,0.5,6.5,0.00108637601158,False,[]
608,8.5,0.5,6.5,0.001,False,[]
609,9.5,0.5,6.5,0.001,False,[]
610,0.5,1.5,6.5,0.001,False,[]
611,1.5,1.5,6.5,0.001,False,[]
612,2.5,1.5,6.5,0.00119471932355,False,[]
613,3.5,1.5,6.5,0.0344353986481,False,[]
614,4.5,1.5,6.5,0.0165884630338,False,[]
615,5.5,1.5,6.5,0.00193583738881,False,[]
616,6.5,1.5,6.5,0.0198905470938,False,[]
617,7.5,1.5,6.5,0.027221666562,False,[]
618,8.5,1.5,6.5,0.00107927912475,False,[]
619,9.5,1.5,6.5,0.001,False,[]
620,0.5,2.5,6.5,0.001,False,[]
621,1.5,2.5,6.5,0.00100787729354,False,[]
622,2.5,2.5,6.5,0.0180754694661,False,[]
623,3.5,2.5,6.5,0.885723703785,False,[624, 723, 633, 523, 713, 722, 733, 724, 533, 634]
624,4.5,2.5,6.5,0.87570097255,False,[623, 724, 634, 524, 534, 723, 725, 525, 633, 523]
625,5.5,2.5,6.5,0.052928473818,False,[]
626,6.5,2.5,6.5,0.880999784295,False,[636, 726, 627, 526, 725, 525, 727, 527, 637, 536]
627,7.5,2.5,6.5,0.861200242868,False,[637, 727, 626, 527, 717, 726, 737, 728, 526, 636]
628,8.5,2.5,6.5,0.01740954825,False,[]
629,9.5,2.5,6.5,0.00100287084883,False,[]
630,0.5,3.5,6.5,0.001,False,[]
631,1.5,3.5,6.5,0.001,False,[]
632,2.5,3.5,6.5,0.0096262034785,False,[]
633,3.5,3.5,6.5,0.59820430923,False,[533, 733, 634, 623, 643, 523, 624, 723, 743, 534]
634,4.5,3.5,6.5,0.265164842976,False,[534, 633, 624, 644, 645, 724, 733, 524, 744, 623]
635,5.5,3.5,6.5,0.0100120886965,False,[]
636,6.5,3.5,6.5,0.284789788077,False,[536, 637, 626, 646, 535, 737, 726, 746, 627, 537]
637,7.5,3.5,6.5,0.501771409587,False,[537, 737, 636, 627, 647, 527, 626, 727, 536, 747]
638,8.5,3.5,6.5,0.00812893567903,False,[]
639,9.5,3.5,6.5,0.001,False,[]
640,0.5,4.5,6.5,0.001,False,[]
641,1.5,4.5,6.5,0.00100036169923,False,[]
642,2.5,4.5,6.5,0.0176323466181,False,[]
643,3.5,4.5,6.5,0.859017112254,False,[543, 633, 743, 644, 733, 634, 742, 533, 753, 744]
644,4.5,4.5,6.5,0.89701000848,False,[643, 645, 634, 744, 544, 545, 743, 745, 633, 534]
645,5.5,4.5,6.5,0.0913792207336,False,[646, 644, 745, 545, 634, 535, 636, 744, 746, 544]
646,6.5,4.5,6.5,0.907332422782,False,[645, 636, 746, 647, 546, 536, 747, 547, 745, 545]
647,7.5,4.5,6.5,0.880982607834,False,[646, 637, 747, 547, 737, 636, 746, 537, 757, 748]
648,8.5,4.5,6.5,0.0185250503248,False,[]
649,9.5,4.5,6.5,0.00100557846899,False,[]
650,0.5,5.5,6.5,0.001,False,[]
651,1.5,5.5,6.5,0.001,False,[]
652,2.5,5.5,6.5,0.00100928290065,False,[]
653,3.5,5.5,6.5,0.021033002751,False,[]
654,4.5,5.5,6.5,0.0169049385522,False,[]
655,5.5,5.5,6.5,0.00213092947805,False,[]
656,6.5,5.5,6.5,0.0164554707339,False,[]
657,7.5,5.5,6.5,0.0249191338909,False,[]
658,8.5,5.5,6.5,0.00106177566068,False,[]
659,9.5,5.5,6.5,0.001,False,[]
660,0.5,6.5,6.5,0.001,False,[]
661,1.5,6.5,6.5,0.001,False,[]
662,2.5,6.5,6.5,0.001,False,[]
663,3.5,6.5,6.5,0.00100892120142,False,[]
664,4.5,6.5,6.5,0.00103844650601,False,[]
665,5.5,6.5,6.5,0.001,False,[]
666,6.5,6.5,6.5,0.00102860988896,False,[]
667,7.5,6.5,6.5,0.00105548196145,False,[]
668,8.5,6.5,6.5,0.001,False,[]
669,9.5,6.5,6.5,0.001,False,[]
670,0.5,7.5,6.5,0.001,False,[]
671,1.5,7.5,6.5,0.001,False,[]
672,2.5,7.5,6.5,0.001,False,[]
673,3.5,7.5,6.5,0.001,False,[]
674,4.5,7.5,6.5,0.001,False,[]
675,5.5,7.5,6.5,0.001,False,[]
676,6.5,7.5,6.5,0.001,False,[]
677,7.5,7.5,6.5,0.001,False,[]
678,8.5,7.5,6.5,0.001,False,[]
679,9.5,7.5,6.5,0.001,False,[]
680,0.5,8.5,6.5,0.001,False,[]
681,1.5,8.5,6.5,0.001,False,[]
682,2.5,8.5,6.5,0.001,False,[]
683,3.5,8.5,6.5,0.001,False,[]
684,4.5,8.5,6.5,0.001,False,[]
685,5.5,8.5,6.5,0.001,False,[]
686,6.5,8.5,6.5,0.001,False,[]
687,7.5,8.5,6.5,0.001,False,[]
688,8.5,8.5,6.5,0.001,False,[]
689,9.5,8.5,6.5,0.001,False,[]
690,0.5,9.5,6.5,0.001,False,[]
691,1.5,9.5,6.5,0.001,False,[]
692,2.5,9.5,6.5,0.001,False,[]
693,3.5,9.5,6.5,0.001,False,[]
694,4.5,9.5,6.5,0.001,False,[]
695,5.5,9.5,6.5,0.001,False,[]
696,6.5,9.5,6.5,0.001,False,[]
697,7.5,9.5,6.5,0.001,False,[]
698,8.5,9.5,6.5,0.001,False,[]
699,9.5,9.5,6.5,0.001,False,[]
700,0.5,0.5,7.5,0.001,False,[]
701,1.5,0.5,7.5,0.001,False,[]
702,2.5,0.5,7.5,0.00100469234438,False,[]
703,3.5,0.5,7.5,0.0109313922112,False,[]
704,4.5,0.5,7.5,0.00109201501285,False,[]
705,5.5,0.5,7.5,0.0016439213308,False,[]
706,6.5,0.5,7.5,0.00113891410371,False,[]
707,7.5,0.5,7.5,0.010973675471,False,[]
708,8.5,0.5,7.5,0.0010032454518,False,[]
709,9.5,0.5,7.5,0.001,False,[]
710,0.5,1.5,7.5,0.001,False,[]
711,1.5,1.5,7.5,0.00100402200947,False,[]
712,2.5,1.5,7.5,0.0180602799064,False,[]
713,3.5,1.5,7.5,0.570988668226,False,[723, 813, 823, 724, 722, 623, 812]
714,4.5,1.5,7.5,0.0245524859928,False,[]
715,5.5,1.5,7.5,0.0536044612746,False,[]
716,6.5,1.5,7.5,0.0275674552102,False,[]
717,7.5,1.5,7.5,0.573128661466,False,[727, 817, 827, 728, 726, 627, 818]
718,8.5,1.5,7.5,0.0182382403191,False,[]
719,9.5,1.5,7.5,0.0010032454518,False,[]
720,0.5,2.5,7.5,0.001,False,[]
721,1.5,2.5,7.5,0.0043846015147,False,[]
722,2.5,2.5,7.5,0.240165349837,False,[723, 822, 733, 812, 623, 823, 713]
723,3.5,2.5,7.5,0.917416352885,False,[733, 722, 623, 823, 713, 724, 633, 813, 624, 822]
724,4.5,2.5,7.5,0.627175656904,False,[723, 624, 725, 823, 713, 634, 733, 623, 825]
725,5.5,2.5,7.5,0.529831672557,False,[724, 825, 726, 624, 815, 626]
726,6.5,2.5,7.5,0.649206781583,False,[727, 725, 626, 737, 825, 717, 627, 827, 636]
727,7.5,2.5,7.5,0.907327776801,False,[737, 726, 627, 827, 717, 728, 626, 817, 637, 828]
728,8.5,2.5,7.5,0.241187632989,False,[828, 727, 627, 827, 717, 818, 737]
729,9.5,2.5,7.5,0.00497198934514,False,[]
730,0.5,3.5,7.5,0.001,False,[]
731,1.5,3.5,7.5,0.00100881256287,False,[]
732,2.5,3.5,7.5,0.0128540994813,False,[]
733,3.5,3.5,7.5,0.293627473765,False,[723, 633, 833, 743, 722, 634, 643, 623, 823, 843]
734,4.5,3.5,7.5,0.0295690583446,False,[]
735,5.5,3.5,7.5,0.0145127829245,False,[]
736,6.5,3.5,7.5,0.0302002809859,False,[]
737,7.5,3.5,7.5,0.256213155671,False,[727, 637, 747, 647, 636, 726, 847, 627, 827, 728]
738,8.5,3.5,7.5,0.012384297637,False,[]
739,9.5,3.5,7.5,0.00100583153613,False,[]
740,0.5,4.5,7.5,0.001,False,[]
741,1.5,4.5,7.5,0.00478136463077,False,[]
742,2.5,4.5,7.5,0.266008485573,False,[842, 743, 643, 852, 733, 753, 843]
743,3.5,4.5,7.5,0.917323227772,False,[742, 643, 753, 843, 733, 744, 853, 633, 833, 842]
744,4.5,4.5,7.5,0.745411316777,False,[743, 745, 644, 643, 645, 845, 753, 634, 733, 843]
745,5.5,4.5,7.5,0.397724561093,False,[845, 744, 645, 746, 644, 855, 646, 846]
746,6.5,4.5,7.5,0.777250815634,False,[747, 646, 846, 745, 636, 757, 647, 847, 645, 845]
747,7.5,4.5,7.5,0.924674969843,False,[746, 647, 757, 847, 737, 748, 646, 637, 857, 846]
748,8.5,4.5,7.5,0.284518535918,False,[747, 848, 858, 757, 737, 647, 847]
749,9.5,4.5,7.5,0.00575078568609,False,[]
750,0.5,5.5,7.5,0.001,False,[]
751,1.5,5.5,7.5,0.001,False,[]
752,2.5,5.5,7.5,0.0156281279665,False,[]
753,3.5,5.5,7.5,0.4479034704,False,[743, 853, 742, 744, 643, 843, 852]
754,4.5,5.5,7.5,0.0247661569958,False,[]
755,5.5,5.5,7.5,0.028069792043,False,[]
756,6.5,5.5,7.5,0.0254405167181,False,[]
757,7.5,5.5,7.5,0.486083560647,False,[747, 857, 746, 748, 647, 847, 858]
758,8.5,5.5,7.5,0.0170738019834,False,[]
759,9.5,5.5,7.5,0.00100176418011,False,[]
760,0.5,6.5,7.5,0.001,False,[]
761,1.5,6.5,7.5,0.001,False,[]
762,2.5,6.5,7.5,0.001,False,[]
763,3.5,6.5,7.5,0.00759576611764,False,[]
764,4.5,6.5,7.5,0.00108960838153,False,[]
765,5.5,6.5,7.5,0.00118885735462,False,[]
766,6.5,6.5,7.5,0.00108160219613,False,[]
767,7.5,6.5,7.5,0.00819274903176,False,[]
768,8.5,6.5,7.5,0.00100151215438,False,[]
769,9.5,6.5,7.5,0.001,False,[]
770,0.5,7.5,7.5,0.001,False,[]
771,1.5,7.5,7.5,0.001,False,[]
772,2.5,7.5,7.5,0.001,False,[]
773,3.5,7.5,7.5,0.001,False,[]
774,4.5,7.5,7.5,0.001,False,[]
775,5.5,7.5,7.5,0.001,False,[]
776,6.5,7.5,7.5,0.001,False,[]
777,7.5,7.5,7.5,0.001,False,[]
778,8.5,7.5,7.5,0.001,False,[]
779,9.5,7.5,7.5,0.001,False,[]
780,0.5,8.5,7.5,0.001,False,[]
781,1.5,8.5,7.5,0.001,False,[]
782,2.5,8.5,7.5,0.001,False,[]
783,3.5,8.5,7.5,0.001,False,[]
784,4.5,8.5,7.5,0.001,False,[]
785,5.5,8.5,7.5,0.001,False,[]
786,6.5,8.5,7.5,0.001,False,[]
787,7.5,8.5,7.5,0.001,False,[]
788,8.5,8.5,7.5,0.001,False,[]
789,9.5,8.5,7.5,0.001,False,[]
790,0.5,9.5,7.5,0.001,False,[]
791,1.5,9.5,7.5,0.001,False,[]
792,2.5,9.5,7.5,0.001,False,[]
793,3.5,9.5,7.5,0.001,False,[]
794,4.5,9.5,7.5,0.001,False,[]
795,5.5,9.5,7.5,0.001,False,[]
796,6.5,9.5,7.5,0.001,False,[]
797,7.5,9.5,7.5,0.001,False,[]
798,8.5,9.5,7.5,0.001,False,[]
799,9.5,9.5,7.5,0.001,False,[]
800,0.5,0.5,8.5,0.001,False,[]
801,1.5,0.5,8.5,0.001,False,[]
802,2.5,0.5,8.5,0.00672325587235,False,[]
803,3.5,0.5,8.5,0.014285815646,False,[]
804,4.5,0.5,8.5,0.00119108783459,False,[]
805,5.5,0.5,8.5,0.0118484225173,False,[]
806,6.5,0.5,8.5,0.00120718770953,False,[]
807,7.5,0.5,8.5,0.0143312382842,False,[]
808,8.5,0.5,8.5,0.0069579066408,False,[]
809,9.5,0.5,8.5,0.001,False,[]
810,0.5,1.5,8.5,0.001,False,[]
811,1.5,1.5,8.5,0.00590564789058,False,[]
812,2.5,1.5,8.5,0.347252593862,False,[912, 822, 813, 911, 823, 922, 902, 722, 913, 713]
813,3.5,1.5,8.5,0.763431643621,False,[812, 823, 913, 713, 822, 723, 923, 912, 903, 914]
814,4.5,1.5,8.5,0.0445669256863,False,[]
815,5.5,1.5,8.5,0.610509758039,False,[825, 915, 905, 914, 725, 925, 916]
816,6.5,1.5,8.5,0.0457987881242,False,[]
817,7.5,1.5,8.5,0.765959459743,False,[717, 827, 917, 818, 727, 927, 828, 916, 907, 918]
818,8.5,1.5,8.5,0.360088522881,False,[817, 828, 918, 717, 728, 928, 919, 827, 917, 908]
819,9.5,1.5,8.5,0.0069579066408,False,[]
820,0.5,2.5,8.5,0.001,False,[]
821,1.5,2.5,8.5,0.0100028281302,False,[]
822,2.5,2.5,8.5,0.602964084644,False,[922, 823, 812, 722, 723, 833, 923, 932, 912, 813]
823,3.5,2.5,8.5,0.827527818381,False,[833, 813, 822, 723, 923, 812, 713, 913, 922, 933]
824,4.5,2.5,8.5,0.0566612927408,False,[]
825,5.5,2.5,8.5,0.724757159314,False,[725, 815, 925, 924, 915, 926, 724, 935, 726]
826,6.5,2.5,8.5,0.0733902291285,False,[]
827,7.5,2.5,8.5,0.821905328322,False,[927, 817, 727, 828, 917, 937, 717, 818, 926, 726]
828,8.5,2.5,8.5,0.596688272783,False,[928, 818, 728, 827, 817, 918, 938, 927, 727, 929]
829,9.5,2.5,8.5,0.0113912048475,False,[]
830,0.5,3.5,8.5,0.001,False,[]
831,1.5,3.5,8.5,0.00112472048534,False,[]
832,2.5,3.5,8.5,0.0403179120971,False,[]
833,3.5,3.5,8.5,0.0996301250119,False,[933, 823, 733, 843, 932, 822, 723, 934, 923, 943]
834,4.5,3.5,8.5,0.0150513780366,False,[]
835,5.5,3.5,8.5,0.0313859166631,False,[]
836,6.5,3.5,8.5,0.0154507129127,False,[]
837,7.5,3.5,8.5,0.0831713403805,False,[]
838,8.5,3.5,8.5,0.0410468889144,False,[]
839,9.5,3.5,8.5,0.00116901597624,False,[]
840,0.5,4.5,8.5,0.001,False,[]
841,1.5,4.5,8.5,0.010469701793,False,[]
842,2.5,4.5,8.5,0.633313929178,False,[843, 852, 942, 742, 932, 853, 952, 941, 943, 743]
843,3.5,4.5,8.5,0.843899217674,False,[842, 833, 853, 943, 743, 852, 953, 733, 933, 944]
844,4.5,4.5,8.5,0.0804729105075,False,[]
845,5.5,4.5,8.5,0.754052120656,False,[846, 855, 945, 745, 935, 944, 744, 955, 946, 746]
846,6.5,4.5,8.5,0.102156941258,False,[845, 946, 847, 746, 936, 857, 956, 855, 947, 747]
847,7.5,4.5,8.5,0.840887782355,False,[747, 857, 947, 846, 848, 757, 746, 737, 937, 957]
848,8.5,4.5,8.5,0.621363569364,False,[948, 858, 847, 748, 938, 958, 747, 857, 947, 949]
849,9.5,4.5,8.5,0.0118182500887,False,[]
850,0.5,5.5,8.5,0.001,False,[]
851,1.5,5.5,8.5,0.0052509972181,False,[]
852,2.5,5.5,8.5,0.305730244652,False,[842, 853, 952, 742, 953, 962, 753, 942, 843, 951]
853,3.5,5.5,8.5,0.745745597705,False,[953, 843, 852, 753, 943, 963, 842, 743, 952, 954]
854,4.5,5.5,8.5,0.0401270166821,False,[]
855,5.5,5.5,8.5,0.60261200487,False,[845, 955, 745, 965, 954, 945, 846, 956]
856,6.5,5.5,8.5,0.0475297435694,False,[]
857,7.5,5.5,8.5,0.736282099014,False,[858, 847, 957, 757, 947, 967, 846, 747, 848, 956]
858,8.5,5.5,8.5,0.334810618822,False,[958, 848, 857, 959, 847, 948, 957, 748, 968, 757]
859,9.5,5.5,8.5,0.00649753523025,False,[]
860,0.5,6.5,8.5,0.001,False,[]
861,1.5,6.5,8.5,0.001,False,[]
862,2.5,6.5,8.5,0.0052509972181,False,[]
863,3.5,6.5,8.5,0.0121536361387,False,[]
864,4.5,6.5,8.5,0.00109621639032,False,[]
865,5.5,6.5,8.5,0.0101637017542,False,[]
866,6.5,6.5,8.5,0.00120704167389,False,[]
867,7.5,6.5,8.5,0.0119890973992,False,[]
868,8.5,6.5,8.5,0.0057121730545,False,[]
869,9.5,6.5,8.5,0.001,False,[]
870,0.5,7.5,8.5,0.001,False,[]
871,1.5,7.5,8.5,0.001,False,[]
872,2.5,7.5,8.5,0.001,False,[]
873,3.5,7.5,8.5,0.001,False,[]
874,4.5,7.5,8.5,0.001,False,[]
875,5.5,7.5,8.5,0.001,False,[]
876,6.5,7.5,8.5,0.001,False,[]
877,7.5,7.5,8.5,0.001,False,[]
878,8.5,7.5,8.5,0.001,False,[]
879,9.5,7.5,8.5,0.001,False,[]
880,0.5,8.5,8.5,0.001,False,[]
881,1.5,8.5,8.5,0.001,False,[]
882,2.5,8.5,8.5,0.001,False,[]
883,3.5,8.5,8.5,0.001,False,[]
884,4.5,8.5,8.5,0.001,False,[]
885,5.5,8.5,8.5,0.001,False,[]
886,6.5,8.5,8.5,0.001,False,[]
887,7.5,8.5,8.5,0.001,False,[]
888,8.5,8.5,8.5,0.001,False,[]
889,9.5,8.5,8.5,0.001,False,[]
890,0.5,9.5,8.5,0.001,False,[]
891,1.5,9.5,8.5,0.001,False,[]
892,2.5,9.5,8.5,0.001,False,[]
893,3.5,9.5,8.5,0.001,False,[]
894,4.5,9.5,8.5,0.001,False,[]
895,5.5,9.5,8.5,0.001,False,[]
896,6.5,9.5,8.5,0.001,False,[]
897,7.5,9.5,8.5,0.001,False,[]
898,8.5,9.5,8.5,0.001,False,[]
899,9.5,9.5,8.5,0.001,False,[]
900,0.5,0.5,9.5,0.001,False,[]
901,1.5,0.5,9.5,1.0,True,[911, 902, 912]
902,2.5,0.5,9.5,1.0,True,[903, 912, 901, 911, 913, 812]
903,3.5,0.5,9.5,1.0,True,[902, 913, 904, 912, 813, 914]
904,4.5,0.5,9.5,1.0,True,[914, 903, 905, 913, 915]
905,5.5,0.5,9.5,1.0,True,[904, 915, 906, 914, 815, 916]
906,6.5,0.5,9.5,1.0,True,[916, 905, 907, 915, 917]
907,7.5,0.5,9.5,1.0,True,[906, 917, 908, 916, 817, 918]
908,8.5,0.5,9.5,1.0,True,[918, 907, 909, 919, 917, 818]
909,9.5,0.5,9.5,1.0,True,[919, 908, 918]
910,0.5,1.5,9.5,0.001,False,[]
911,1.5,1.5,9.5,1.0,True,[912, 921, 901, 902, 922, 812]
912,2.5,1.5,9.5,1.0,True,[902, 922, 913, 911, 812, 921, 822, 923, 903, 901]
913,3.5,1.5,9.5,1.0,True,[813, 923, 912, 903, 914, 823, 902, 922, 924, 812]
914,4.5,1.5,9.5,1.0,True,[915, 924, 913, 904, 813, 923, 925, 905, 903, 815]
915,5.5,1.5,9.5,1.0,True,[815, 925, 914, 905, 916, 825, 904, 924, 926, 906]
916,6.5,1.5,9.5,1.0,True,[917, 915, 926, 906, 925, 907, 905, 815, 927, 817]
917,7.5,1.5,9.5,1.0,True,[817, 927, 916, 907, 918, 827, 906, 926, 928, 908]
918,8.5,1.5,9.5,1.0,True,[908, 928, 917, 919, 818, 927, 828, 929, 817, 907]
919,9.5,1.5,9.5,1.0,True,[918, 929, 909, 908, 928, 818]
920,0.5,2.5,9.5,0.001,False,[]
921,1.5,2.5,9.5,1.0,True,[931, 911, 922, 932, 912, 822]
922,2.5,2.5,9.5,1.0,True,[921, 923, 912, 932, 822, 823, 913, 933, 812, 911]
923,3.5,2.5,9.5,1.0,True,[924, 913, 922, 933, 823, 912, 813, 914, 932, 934]
924,4.5,2.5,9.5,1.0,True,[923, 914, 934, 925, 913, 915, 823, 933, 935, 825]
925,5.5,2.5,9.5,1.0,True,[825, 915, 935, 924, 926, 914, 815, 916, 934, 936]
926,6.5,2.5,9.5,1.0,True,[916, 925, 927, 936, 915, 935, 827, 825, 937, 917]
927,7.5,2.5,9.5,1.0,True,[928, 917, 926, 937, 827, 916, 817, 918, 936, 938]
928,8.5,2.5,9.5,1.0,True,[828, 918, 938, 927, 929, 818, 937, 917, 919, 939]
929,9.5,2.5,9.5,1.0,True,[939, 919, 928, 918, 938, 828]
930,0.5,3.5,9.5,0.001,False,[]
931,1.5,3.5,9.5,1.0,True,[921, 932, 941, 922, 942]
932,2.5,3.5,9.5,1.0,True,[922, 933, 931, 942, 923, 822, 833, 943, 941, 921]
933,3.5,3.5,9.5,1.0,True,[833, 932, 934, 923, 943, 922, 843, 924, 942, 823]
934,4.5,3.5,9.5,1.0,True,[935, 924, 933, 944, 945, 833, 923, 925, 943]
935,5.5,3.5,9.5,1.0,True,[936, 925, 934, 945, 924, 926, 825, 944, 946, 845]
936,6.5,3.5,9.5,1.0,True,[926, 935, 937, 946, 925, 947, 927, 945, 846]
937,7.5,3.5,9.5,1.0,True,[927, 936, 938, 947, 827, 926, 847, 928, 946, 948]
938,8.5,3.5,9.5,1.0,True,[939, 928, 937, 948, 947, 927, 828, 929, 949, 848]
939,9.5,3.5,9.5,1.0,True,[938, 929, 949, 928, 948]
940,0.5,4.5,9.5,0.001,False,[]
941,1.5,4.5,9.5,1.0,True,[951, 931, 942, 952, 932, 842]
942,2.5,4.5,9.5,1.0,True,[941, 932, 952, 943, 842, 931, 953, 852, 951, 843]
943,3.5,4.5,9.5,1.0,True,[843, 933, 953, 942, 944, 833, 952, 932, 954, 853]
944,4.5,4.5,9.5,1.0,True,[954, 945, 934, 943, 955, 953, 845, 933, 935, 843]
945,5.5,4.5,9.5,1.0,True,[946, 935, 944, 955, 845, 934, 936, 954, 855, 956]
946,6.5,4.5,9.5,1.0,True,[945, 936, 956, 947, 846, 957, 847, 937, 955, 845]
947,7.5,4.5,9.5,1.0,True,[847, 937, 957, 946, 948, 956, 958, 936, 846, 857]
948,8.5,4.5,9.5,1.0,True,[949, 938, 958, 947, 848, 959, 858, 937, 939, 957]
949,9.5,4.5,9.5,1.0,True,[959, 939, 948, 938, 958, 848]
950,0.5,5.5,9.5,0.001,False,[]
951,1.5,5.5,9.5,1.0,True,[961, 941, 952, 962, 942, 852]
952,2.5,5.5,9.5,1.0,True,[951, 953, 942, 962, 852, 853, 943, 963, 842, 941]
953,3.5,5.5,9.5,1.0,True,[954, 943, 952, 963, 853, 942, 843, 944, 962, 852]
954,4.5,5.5,9.5,1.0,True,[964, 955, 944, 953, 945, 965, 963, 855, 943, 853]
955,5.5,5.5,9.5,1.0,True,[956, 954, 945, 965, 855, 946, 845, 944, 964, 966]
956,6.5,5.5,9.5,1.0,True,[966, 957, 946, 955, 967, 846, 857, 947, 965, 945]
957,7.5,5.5,9.5,1.0,True,[958, 947, 956, 967, 857, 946, 847, 948, 966, 968]
958,8.5,5.5,9.5,1.0,True,[957, 948, 968, 959, 858, 848, 969, 947, 949, 967]
959,9.5,5.5,9.5,1.0,True,[969, 949, 958, 948, 968, 858]
960,0.5,6.5,9.5,0.001,False,[]
961,1.5,6.5,9.5,1.0,True,[962, 951, 952]
962,2.5,6.5,9.5,1.0,True,[961, 963, 952, 953, 951, 852]
963,3.5,6.5,9.5,1.0,True,[964, 962, 953, 952, 954, 853]
964,4.5,6.5,9.5,1.0,True,[963, 965, 954, 955, 953]
965,5.5,6.5,9.5,1.0,True,[966, 964, 955, 954, 956, 855]
966,6.5,6.5,9.5,1.0,True,[965, 967, 956, 957, 955]
967,7.5,6.5,9.5,1.0,True,[968, 966, 957, 956, 958, 857]
968,8.5,6.5,9.5,1.0,True,[967, 969, 958, 959, 957, 858]
969,9.5,6.5,9.5,1.0,True,[968, 959, 958]
970,0.5,7.5,9.5,0.001,False,[]
971,1.5,7.5,9.5,0.001,False,[]
972,2.5,7.5,9.5,0.001,False,[]
973,3.5,7.5,9.5,0.001,False,[]
974,4.5,7.5,9.5,0.001,False,[]
975,5.5,7.5,9.5,0.001,False,[]
976,6.5,7.5,9.5,0.001,False,[]
977,7.5,7.5,9.5,0.001,False,[]
978,8.5,7.5,9.5,0.001,False,[]
979,9.5,7.5,9.5,0.001,False,[]
980,0.5,8.5,9.5,0.001,False,[]
981,1.5,8.5,9.5,0.001,False,[]
982,2.5,8.5,9.5,0.001,False,[]
983,3.5,8.5,9.5,0.001,False,[]
984,4.5,8.5,9.5,0.001,False,[]
985,5.5,8.5,9.5,0.001,False,[]
986,6.5,8.5,9.5,0.001,False,[]
987,7.5,8.5,9.5,0.001,False,[]
988,8.5,8.5,9.5,0.001,False,[]
989,9.5,8.5,9.5,0.001,False,[]
990,0.5,9.5,9.5,0.001,False,[]
991,1.5,9.5,9.5,0.001,False,[]
992,2.5,9.5,9.5,0.001,False,[]
993,3.5,9.5,9.5,0.001,False,[]
994,4.5,9.5,9.5,0.001,False,[]
995,5.5,9.5,9.5,0.001,False,[]
996,6.5,9.5,9.5,0.001,False,[]
997,7.5,9.5,9.5,0.001,False,[]
998,8.5,9.5,9.5,0.001,False,[]
999,9.5,9.5,9.5,0.001,False,[]
