0,0.5,0.5,0.5,0.001,False,[]
1,1.5,0.5,0.5,0.001,False,[]
2,2.5,0.5,0.5,0.001,False,[]
3,3.5,0.5,0.5,0.001,False,[]
4,4.5,0.5,0.5,0.001,False,[]
5,5.5,0.5,0.5,0.001,False,[]
6,6.5,0.5,0.5,0.001,False,[]
7,7.5,0.5,0.5,0.001,False,[]
8,8.5,0.5,0.5,0.001,False,[]
9,9.5,0.5,0.5,0.001,False,[]
10,0.5,1.5,0.5,0.001,False,[]
11,1.5,1.5,0.5,0.001,False,[]
12,2.5,1.5,0.5,0.001,False,[]
13,3.5,1.5,0.5,0.001,False,[]
14,4.5,1.5,0.5,0.001,False,[]
15,5.5,1.5,0.5,0.001,False,[]
16,6.5,1.5,0.5,0.001,False,[]
17,7.5,1.5,0.5,0.001,False,[]
18,8.5,1.5,0.5,0.001,False,[]
19,9.5,1.5,0.5,0.001,False,[]
20,0.5,2.5,0.5,0.001,False,[]
21,1.5,2.5,0.5,0.001,False,[]
22,2.5,2.5,0.5,1.0,True,[32, 23, 33]
23,3.5,2.5,0.5,1.0,True,[33, 22, 24, 32, 34]
24,4.5,2.5,0.5,1.0,True,[23, 34, 25, 33, 35]
25,5.5,2.5,0.5,1.0,True,[35, 24, 26, 34, 36]
26,6.5,2.5,0.5,1.0,True,[25, 36, 27, 35, 37]
27,7.5,2.5,0.5,1.0,True,[37, 26, 28, 36, 38]
28,8.5,2.5,0.5,1.0,True,[38, 27, 37]
29,9.5,2.5,0.5,0.001,False,[]
30,0.5,3.5,0.5,0.001,False,[]
31,1.5,3.5,0.5,0.001,False,[]
32,2.5,3.5,0.5,1.0,True,[33, 22, 42, 23, 142, 43]
33,3.5,3.5,0.5,1.0,True,[23, 32, 34, 43, 143, 22, 42, 24, 44]
34,4.5,3.5,0.5,1.0,True,[44, 33, 24, 35, 144, 25, 23, 43, 45]
35,5.5,3.5,0.5,1.0,True,[25, 34, 36, 45, 46, 24, 44, 26]
36,6.5,3.5,0.5,1.0,True,[37, 35, 26, 46, 45, 27, 25, 47]
37,7.5,3.5,0.5,1.0,True,[27, 36, 38, 47, 28, 26, 48, 46]
38,8.5,3.5,0.5,1.0,True,[28, 37, 48, 27, 47]
39,9.5,3.5,0.5,0.001,False,[]
40,0.5,4.5,0.5,0.001,False,[]
41,1.5,4.5,0.5,0.0145644628174,False,[]
42,2.5,4.5,0.5,1.0,True,[43, 32, 142, 52, 143, 33, 53, 152]
43,3.5,4.5,0.5,1.0,True,[44, 33, 143, 42, 53, 144, 142, 34, 153, 52]
44,4.5,4.5,0.5,1.0,True,[54, 34, 43, 144, 45, 33, 143, 53, 35, 154]
45,5.5,4.5,0.5,1.0,True,[35, 44, 46, 55, 34, 144, 56, 54, 36]
46,6.5,4.5,0.5,1.0,True,[56, 36, 45, 47, 37, 35, 55, 57]
47,7.5,4.5,0.5,1.0,True,[48, 37, 57, 46, 36, 38, 58, 56]
48,8.5,4.5,0.5,1.0,True,[58, 38, 47, 37, 57]
49,9.5,4.5,0.5,0.001,False,[]
50,0.5,5.5,0.5,0.001,False,[]
51,1.5,5.5,0.5,0.01765,False,[]
52,2.5,5.5,0.5,1.0,True,[152, 53, 42, 62, 153, 162, 142, 43, 63]
53,3.5,5.5,0.5,1.0,True,[54, 43, 52, 153, 63, 42, 152, 64, 143, 62]
54,4.5,5.5,0.5,1.0,True,[55, 44, 154, 53, 64, 45, 153, 144, 164, 63]
55,5.5,5.5,0.5,1.0,True,[45, 54, 56, 65, 44, 154, 46, 66, 64]
56,6.5,5.5,0.5,1.0,True,[46, 55, 57, 66, 47, 45, 67, 65]
57,7.5,5.5,0.5,1.0,True,[47, 58, 56, 67, 46, 68, 48, 66]
58,8.5,5.5,0.5,1.0,True,[48, 57, 68, 47, 67]
59,9.5,5.5,0.5,0.001,False,[]
60,0.5,6.5,0.5,0.001,False,[]
61,1.5,6.5,0.5,0.0153828746979,False,[]
62,2.5,6.5,0.5,1.0,True,[162, 52, 63, 152, 53, 163]
63,3.5,6.5,0.5,1.0,True,[62, 64, 53, 163, 164, 54, 52, 153, 162]
64,4.5,6.5,0.5,1.0,True,[164, 54, 63, 65, 154, 163, 53, 55]
65,5.5,6.5,0.5,1.0,True,[66, 55, 64, 56, 54, 164]
66,6.5,6.5,0.5,1.0,True,[67, 56, 65, 55, 57]
67,7.5,6.5,0.5,1.0,True,[68, 57, 66, 58, 56]
68,8.5,6.5,0.5,1.0,True,[58, 67, 57]
69,9.5,6.5,0.5,0.001,False,[]
70,0.5,7.5,0.5,0.001,False,[]
71,1.5,7.5,0.5,0.001,False,[]
72,2.5,7.5,0.5,0.0153828746979,False,[]
73,3.5,7.5,0.5,0.0176760627635,False,[]
74,4.5,7.5,0.5,0.0147072145264,False,[]
75,5.5,7.5,0.5,0.001,False,[]
76,6.5,7.5,0.5,0.001,False,[]
77,7.5,7.5,0.5,0.001,False,[]
78,8.5,7.5,0.5,0.001,False,[]
79,9.5,7.5,0.5,0.001,False,[]
80,0.5,8.5,0.5,0.001,False,[]
81,1.5,8.5,0.5,0.001,False,[]
82,2.5,8.5,0.5,0.001,False,[]
83,3.5,8.5,0.5,0.001,False,[]
84,4.5,8.5,0.5,0.001,False,[]
85,5.5,8.5,0.5,0.001,False,[]
86,6.5,8.5,0.5,0.001,False,[]
87,7.5,8.5,0.5,0.001,False,[]
88,8.5,8.5,0.5,0.001,False,[]
89,9.5,8.5,0.5,0.001,False,[]
90,0.5,9.5,0.5,0.001,False,[]
91,1.5,9.5,0.5,0.001,False,[]
92,2.5,9.5,0.5,0.001,False,[]
93,3.5,9.5,0.5,0.001,False,[]
94,4.5,9.5,0.5,0.001,False,[]
95,5.5,9.5,0.5,0.001,False,[]
96,6.5,9.5,0.5,0.001,False,[]
97,7.5,9.5,0.5,0.001,False,[]
98,8.5,9.5,0.5,0.001,False,[]
99,9.5,9.5,0.5,0.001,False,[]
100,0.5,0.5,1.5,0.001,False,[]
101,1.5,0.5,1.5,0.001,False,[]
102,2.5,0.5,1.5,0.001,False,[]
103,3.5,0.5,1.5,0.001,False,[]
104,4.5,0.5,1.5,0.001,False,[]
105,5.5,0.5,1.5,0.001,False,[]
106,6.5,0.5,1.5,0.001,False,[]
107,7.5,0.5,1.5,0.001,False,[]
108,8.5,0.5,1.5,0.001,False,[]
109,9.5,0.5,1.5,0.001,False,[]
110,0.5,1.5,1.5,0.001,False,[]
111,1.5,1.5,1.5,0.001,False,[]
112,2.5,1.5,1.5,0.001,False,[]
113,3.5,1.5,1.5,0.001,False,[]
114,4.5,1.5,1.5,0.001,False,[]
115,5.5,1.5,1.5,0.001,False,[]
116,6.5,1.5,1.5,0.001,False,[]
117,7.5,1.5,1.5,0.001,False,[]
118,8.5,1.5,1.5,0.001,False,[]
119,9.5,1.5,1.5,0.001,False,[]
120,0.5,2.5,1.5,0.001,False,[]
121,1.5,2.5,1.5,0.001,False,[]
122,2.5,2.5,1.5,0.001,False,[]
123,3.5,2.5,1.5,0.00116679116812,False,[]
124,4.5,2.5,1.5,0.001,False,[]
125,5.5,2.5,1.5,0.001,False,[]
126,6.5,2.5,1.5,0.001,False,[]
127,7.5,2.5,1.5,0.001,False,[]
128,8.5,2.5,1.5,0.001,False,[]
129,9.5,2.5,1.5,0.001,False,[]
130,0.5,3.5,1.5,0.001,False,[]
131,1.5,3.5,1.5,0.001,False,[]
132,2.5,3.5,1.5,0.0125429866206,False,[]
133,3.5,3.5,1.5,0.0271040809463,False,[]
134,4.5,3.5,1.5,0.00571194596787,False,[]
135,5.5,3.5,1.5,0.001,False,[]
136,6.5,3.5,1.5,0.001,False,[]
137,7.5,3.5,1.5,0.001,False,[]
138,8.5,3.5,1.5,0.001,False,[]
139,9.5,3.5,1.5,0.001,False,[]
140,0.5,4.5,1.5,0.001,False,[]
141,1.5,4.5,1.5,0.0123623617459,False,[]
142,2.5,4.5,1.5,0.78090545972,False,[42, 242, 143, 152, 32, 243, 43, 252, 153, 52]
143,3.5,4.5,1.5,0.973234151312,False,[144, 243, 142, 43, 153, 242, 244, 33, 44, 154]
144,4.5,4.5,1.5,0.327283180645,False,[44, 244, 143, 154, 34, 243, 54, 153, 43, 254]
145,5.5,4.5,1.5,0.00554515479975,False,[]
146,6.5,4.5,1.5,0.001,False,[]
147,7.5,4.5,1.5,0.001,False,[]
148,8.5,4.5,1.5,0.001,False,[]
149,9.5,4.5,1.5,0.001,False,[]
150,0.5,5.5,1.5,0.001,False,[]
151,1.5,5.5,1.5,0.0152714285714,False,[]
152,2.5,5.5,1.5,0.973683467351,False,[52, 252, 153, 142, 162, 262, 53, 253, 242, 143]
153,3.5,5.5,1.5,1.0,False,[53, 253, 152, 154, 143, 163, 162, 164, 243, 252]
154,4.5,5.5,1.5,0.972637741071,False,[54, 254, 144, 153, 164, 253, 163, 244, 44, 55]
155,5.5,5.5,1.5,0.0152731895328,False,[]
156,6.5,5.5,1.5,0.001,False,[]
157,7.5,5.5,1.5,0.001,False,[]
158,8.5,5.5,1.5,0.001,False,[]
159,9.5,5.5,1.5,0.001,False,[]
160,0.5,6.5,1.5,0.001,False,[]
161,1.5,6.5,1.5,0.00886272431768,False,[]
162,2.5,6.5,1.5,0.554076015275,False,[62, 152, 262, 163, 252, 153, 263, 52, 63]
163,3.5,6.5,1.5,0.976237539029,False,[263, 164, 153, 162, 63, 64, 253, 264, 152, 154]
164,4.5,6.5,1.5,0.767688291145,False,[264, 154, 163, 64, 254, 63, 153, 54, 263, 65]
165,5.5,6.5,1.5,0.0121667609143,False,[]
166,6.5,6.5,1.5,0.001,False,[]
167,7.5,6.5,1.5,0.001,False,[]
168,8.5,6.5,1.5,0.001,False,[]
169,9.5,6.5,1.5,0.001,False,[]
170,0.5,7.5,1.5,0.001,False,[]
171,1.5,7.5,1.5,0.001,False,[]
172,2.5,7.5,1.5,0.00888506382928,False,[]
173,3.5,7.5,1.5,0.0173432348574,False,[]
174,4.5,7.5,1.5,0.0121891004259,False,[]
175,5.5,7.5,1.5,0.001,False,[]
176,6.5,7.5,1.5,0.001,False,[]
177,7.5,7.5,1.5,0.001,False,[]
178,8.5,7.5,1.5,0.001,False,[]
179,9.5,7.5,1.5,0.001,False,[]
180,0.5,8.5,1.5,0.001,False,[]
181,1.5,8.5,1.5,0.001,False,[]
182,2.5,8.5,1.5,0.001,False,[]
183,3.5,8.5,1.5,0.0010223395116,False,[]
184,4.5,8.5,1.5,0.001,False,[]
185,5.5,8.5,1.5,0.001,False,[]
186,6.5,8.5,1.5,0.001,False,[]
187,7.5,8.5,1.5,0.001,False,[]
188,8.5,8.5,1.5,0.001,False,[]
189,9.5,8.5,1.5,0.001,False,[]
190,0.5,9.5,1.5,0.001,False,[]
191,1.5,9.5,1.5,0.001,False,[]
192,2.5,9.5,1.5,0.001,False,[]
193,3.5,9.5,1.5,0.001,False,[]
194,4.5,9.5,1.5,0.001,False,[]
195,5.5,9.5,1.5,0.001,False,[]
196,6.5,9.5,1.5,0.001,False,[]
197,7.5,9.5,1.5,0.001,False,[]
198,8.5,9.5,1.5,0.001,False,[]
199,9.5,9.5,1.5,0.001,False,[]
200,0.5,0.5,2.5,0.001,False,[]
201,1.5,0.5,2.5,0.001,False,[]
202,2.5,0.5,2.5,0.001,False,[]
203,3.5,0.5,2.5,0.001,False,[]
204,4.5,0.5,2.5,0.001,False,[]
205,5.5,0.5,2.5,0.001,False,[]
206,6.5,0.5,2.5,0.001,False,[]
207,7.5,0.5,2.5,0.001,False,[]
208,8.5,0.5,2.5,0.001,False,[]
209,9.5,0.5,2.5,0.001,False,[]
210,0.5,1.5,2.5,0.001,False,[]
211,1.5,1.5,2.5,0.001,False,[]
212,2.5,1.5,2.5,0.001,False,[]
213,3.5,1.5,2.5,0.001,False,[]
214,4.5,1.5,2.5,0.001,False,[]
215,5.5,1.5,2.5,0.001,False,[]
216,6.5,1.5,2.5,0.001,False,[]
217,7.5,1.5,2.5,0.001,False,[]
218,8.5,1.5,2.5,0.001,False,[]
219,9.5,1.5,2.5,0.001,False,[]
220,0.5,2.5,2.5,0.001,False,[]
221,1.5,2.5,2.5,0.001,False,[]
222,2.5,2.5,2.5,0.00101383370656,False,[]
223,3.5,2.5,2.5,0.00208713840748,False,[]
224,4.5,2.5,2.5,0.001,False,[]
225,5.5,2.5,2.5,0.001,False,[]
226,6.5,2.5,2.5,0.001,False,[]
227,7.5,2.5,2.5,0.001,False,[]
228,8.5,2.5,2.5,0.001,False,[]
229,9.5,2.5,2.5,0.001,False,[]
230,0.5,3.5,2.5,0.001,False,[]
231,1.5,3.5,2.5,0.00101383370656,False,[]
232,2.5,3.5,2.5,0.0156619230726,False,[]
233,3.5,3.5,2.5,0.0891024699358,False,[]
234,4.5,3.5,2.5,0.00891898694189,False,[]
235,5.5,3.5,2.5,0.001,False,[]
236,6.5,3.5,2.5,0.001,False,[]
237,7.5,3.5,2.5,0.001,False,[]
238,8.5,3.5,2.5,0.001,False,[]
239,9.5,3.5,2.5,0.001,False,[]
240,0.5,4.5,2.5,0.001,False,[]
241,1.5,4.5,2.5,0.0135447684229,False,[]
242,2.5,4.5,2.5,0.854913332764,False,[243, 342, 142, 252, 343, 253, 352, 143, 152]
243,3.5,4.5,2.5,0.977649469651,False,[244, 343, 143, 242, 253, 342, 344, 333, 353, 252]
244,4.5,4.5,2.5,0.481957375375,False,[144, 344, 243, 254, 343, 154, 354, 143, 253]
245,5.5,4.5,2.5,0.00783184853441,False,[]
246,6.5,4.5,2.5,0.001,False,[]
247,7.5,4.5,2.5,0.001,False,[]
248,8.5,4.5,2.5,0.001,False,[]
249,9.5,4.5,2.5,0.001,False,[]
250,0.5,5.5,2.5,0.001,False,[]
251,1.5,5.5,2.5,0.0125440955735,False,[]
252,2.5,5.5,2.5,0.797204814955,False,[152, 352, 253, 242, 262, 153, 142, 353, 342, 362]
253,3.5,5.5,2.5,0.99458885714,False,[254, 243, 252, 153, 353, 263, 242, 264, 343, 352]
254,4.5,5.5,2.5,0.957527752119,False,[253, 354, 244, 154, 264, 353, 243, 344, 144, 263]
255,5.5,5.5,2.5,0.0150619551106,False,[]
256,6.5,5.5,2.5,0.001,False,[]
257,7.5,5.5,2.5,0.001,False,[]
258,8.5,5.5,2.5,0.001,False,[]
259,9.5,5.5,2.5,0.001,False,[]
260,0.5,6.5,2.5,0.001,False,[]
261,1.5,6.5,2.5,0.00999062348832,False,[]
262,2.5,6.5,2.5,0.622510770097,False,[162, 252, 362, 263, 352, 253, 152, 363, 163]
263,3.5,6.5,2.5,0.978542109781,False,[262, 264, 253, 363, 163, 164, 353, 364, 252, 153]
264,4.5,6.5,2.5,0.804960221945,False,[364, 254, 263, 164, 354, 154, 363, 253, 163]
265,5.5,6.5,2.5,0.0127236944636,False,[]
266,6.5,6.5,2.5,0.001,False,[]
267,7.5,6.5,2.5,0.001,False,[]
268,8.5,6.5,2.5,0.001,False,[]
269,9.5,6.5,2.5,0.001,False,[]
270,0.5,7.5,2.5,0.001,False,[]
271,1.5,7.5,2.5,0.001,False,[]
272,2.5,7.5,2.5,0.0106327010317,False,[]
273,3.5,7.5,2.5,0.059683257128,False,[]
274,4.5,7.5,2.5,0.0133907249175,False,[]
275,5.5,7.5,2.5,0.001,False,[]
276,6.5,7.5,2.5,0.001,False,[]
277,7.5,7.5,2.5,0.001,False,[]
278,8.5,7.5,2.5,0.001,False,[]
279,9.5,7.5,2.5,0.001,False,[]
280,0.5,8.5,2.5,0.001,False,[]
281,1.5,8.5,2.5,0.001,False,[]
282,2.5,8.5,2.5,0.001,False,[]
283,3.5,8.5,2.5,0.00164207754338,False,[]
284,4.5,8.5,2.5,0.001,False,[]
285,5.5,8.5,2.5,0.001,False,[]
286,6.5,8.5,2.5,0.001,False,[]
287,7.5,8.5,2.5,0.001,False,[]
288,8.5,8.5,2.5,0.001,False,[]
289,9.5,8.5,2.5,0.001,False,[]
290,0.5,9.5,2.5,0.001,False,[]
291,1.5,9.5,2.5,0.001,False,[]
292,2.5,9.5,2.5,0.001,False,[]
293,3.5,9.5,2.5,0.001,False,[]
294,4.5,9.5,2.5,0.001,False,[]
295,5.5,9.5,2.5,0.001,False,[]
296,6.5,9.5,2.5,0.001,False,[]
297,7.5,9.5,2.5,0.001,False,[]
298,8.5,9.5,2.5,0.001,False,[]
299,9.5,9.5,2.5,0.001,False,[]
300,0.5,0.5,3.5,0.001,False,[]
301,1.5,0.5,3.5,0.001,False,[]
302,2.5,0.5,3.5,0.001,False,[]
303,3.5,0.5,3.5,0.001,False,[]
304,4.5,0.5,3.5,0.001,False,[]
305,5.5,0.5,3.5,0.001,False,[]
306,6.5,0.5,3.5,0.001,False,[]
307,7.5,0.5,3.5,0.001,False,[]
308,8.5,0.5,3.5,0.001,False,[]
309,9.5,0.5,3.5,0.001,False,[]
310,0.5,1.5,3.5,0.001,False,[]
311,1.5,1.5,3.5,0.001,False,[]
312,2.5,1.5,3.5,0.001,False,[]
313,3.5,1.5,3.5,0.001,False,[]
314,4.5,1.5,3.5,0.001,False,[]
315,5.5,1.5,3.5,0.001,False,[]
316,6.5,1.5,3.5,0.001,False,[]
317,7.5,1.5,3.5,0.001,False,[]
318,8.5,1.5,3.5,0.001,False,[]
319,9.5,1.5,3.5,0.001,False,[]
320,0.5,2.5,3.5,0.001,False,[]
321,1.5,2.5,3.5,0.001,False,[]
322,2.5,2.5,3.5,0.00114465902206,False,[]
323,3.5,2.5,3.5,0.00507355841092,False,[]
324,4.5,2.5,3.5,0.001,False,[]
325,5.5,2.5,3.5,0.001,False,[]
326,6.5,2.5,3.5,0.001,False,[]
327,7.5,2.5,3.5,0.001,False,[]
328,8.5,2.5,3.5,0.001,False,[]
329,9.5,2.5,3.5,0.001,False,[]
330,0.5,3.5,3.5,0.001,False,[]
331,1.5,3.5,3.5,0.00114465902206,False,[]
332,2.5,3.5,3.5,0.029574680955,False,[]
333,3.5,3.5,3.5,0.28641678118,False,[433, 343, 243, 443, 432, 342, 344]
334,4.5,3.5,3.5,0.0159452004121,False,[]
335,5.5,3.5,3.5,0.001,False,[]
336,6.5,3.5,3.5,0.001,False,[]
337,7.5,3.5,3.5,0.001,False,[]
338,8.5,3.5,3.5,0.001,False,[]
339,9.5,3.5,3.5,0.001,False,[]
340,0.5,4.5,3.5,0.001,False,[]
341,1.5,4.5,3.5,0.0148564341005,False,[]
342,2.5,4.5,3.5,0.935646136482,False,[343, 242, 442, 352, 432, 333, 243, 452, 252, 443]
343,3.5,4.5,3.5,0.983481901087,False,[344, 243, 443, 342, 333, 353, 242, 433, 244, 253]
344,4.5,4.5,3.5,0.738963303724,False,[343, 244, 444, 354, 333, 243, 454, 254, 443, 353]
345,5.5,4.5,3.5,0.0118405306908,False,[]
346,6.5,4.5,3.5,0.001,False,[]
347,7.5,4.5,3.5,0.001,False,[]
348,8.5,4.5,3.5,0.001,False,[]
349,9.5,4.5,3.5,0.001,False,[]
350,0.5,5.5,3.5,0.001,False,[]
351,1.5,5.5,3.5,0.00830444919911,False,[]
352,2.5,5.5,3.5,0.522219823654,False,[342, 252, 452, 353, 362, 453, 442, 253, 242, 262]
353,3.5,5.5,3.5,0.820696797867,False,[354, 343, 453, 352, 253, 363, 342, 364, 243, 252]
354,4.5,5.5,3.5,0.661947993567,False,[353, 254, 454, 344, 364, 253, 444, 244, 343, 363]
355,5.5,5.5,3.5,0.0104642248986,False,[]
356,6.5,5.5,3.5,0.001,False,[]
357,7.5,5.5,3.5,0.001,False,[]
358,8.5,5.5,3.5,0.001,False,[]
359,9.5,5.5,3.5,0.001,False,[]
360,0.5,6.5,3.5,0.001,False,[]
361,1.5,6.5,3.5,0.013432618382,False,[]
362,2.5,6.5,3.5,0.840877212309,False,[462, 352, 262, 363, 252, 452, 353, 263, 463, 373]
363,3.5,6.5,3.5,0.984584154215,False,[463, 353, 362, 263, 364, 373, 262, 464, 462, 264]
364,4.5,6.5,3.5,0.955675332707,False,[464, 354, 363, 264, 254, 454, 463, 353, 263, 373]
365,5.5,6.5,3.5,0.0151436316801,False,[]
366,6.5,6.5,3.5,0.001,False,[]
367,7.5,6.5,3.5,0.001,False,[]
368,8.5,6.5,3.5,0.001,False,[]
369,9.5,6.5,3.5,0.001,False,[]
370,0.5,7.5,3.5,0.001,False,[]
371,1.5,7.5,3.5,0.001,False,[]
372,2.5,7.5,3.5,0.0168328996899,False,[]
373,3.5,7.5,3.5,0.235419015739,False,[473, 363, 362, 263, 364, 463]
374,4.5,7.5,3.5,0.0205404739637,False,[]
375,5.5,7.5,3.5,0.00102495291054,False,[]
376,6.5,7.5,3.5,0.001,False,[]
377,7.5,7.5,3.5,0.001,False,[]
378,8.5,7.5,3.5,0.001,False,[]
379,9.5,7.5,3.5,0.001,False,[]
380,0.5,8.5,3.5,0.001,False,[]
381,1.5,8.5,3.5,0.001,False,[]
382,2.5,8.5,3.5,0.001,False,[]
383,3.5,8.5,3.5,0.00429652626856,False,[]
384,4.5,8.5,3.5,0.00102495291054,False,[]
385,5.5,8.5,3.5,0.001,False,[]
386,6.5,8.5,3.5,0.001,False,[]
387,7.5,8.5,3.5,0.001,False,[]
388,8.5,8.5,3.5,0.001,False,[]
389,9.5,8.5,3.5,0.001,False,[]
390,0.5,9.5,3.5,0.001,False,[]
391,1.5,9.5,3.5,0.001,False,[]
392,2.5,9.5,3.5,0.001,False,[]
393,3.5,9.5,3.5,0.001,False,[]
394,4.5,9.5,3.5,0.001,False,[]
395,5.5,9.5,3.5,0.001,False,[]
396,6.5,9.5,3.5,0.001,False,[]
397,7.5,9.5,3.5,0.001,False,[]
398,8.5,9.5,3.5,0.001,False,[]
399,9.5,9.5,3.5,0.001,False,[]
400,0.5,0.5,4.5,0.001,False,[]
401,1.5,0.5,4.5,0.001,False,[]
402,2.5,0.5,4.5,0.001,False,[]
403,3.5,0.5,4.5,0.001,False,[]
404,4.5,0.5,4.5,0.001,False,[]
405,5.5,0.5,4.5,0.001,False,[]
406,6.5,0.5,4.5,0.001,False,[]
407,7.5,0.5,4.5,0.001,False,[]
408,8.5,0.5,4.5,0.001,False,[]
409,9.5,0.5,4.5,0.001,False,[]
410,0.5,1.5,4.5,0.001,False,[]
411,1.5,1.5,4.5,0.001,False,[]
412,2.5,1.5,4.5,0.001,False,[]
413,3.5,1.5,4.5,0.001,False,[]
414,4.5,1.5,4.5,0.001,False,[]
415,5.5,1.5,4.5,0.001,False,[]
416,6.5,1.5,4.5,0.001,False,[]
417,7.5,1.5,4.5,0.001,False,[]
418,8.5,1.5,4.5,0.001,False,[]
419,9.5,1.5,4.5,0.001,False,[]
420,0.5,2.5,4.5,0.001,False,[]
421,1.5,2.5,4.5,0.001,False,[]
422,2.5,2.5,4.5,0.00237267732532,False,[]
423,3.5,2.5,4.5,0.0102058168801,False,[]
424,4.5,2.5,4.5,0.00103111131039,False,[]
425,5.5,2.5,4.5,0.001,False,[]
426,6.5,2.5,4.5,0.001,False,[]
427,7.5,2.5,4.5,0.001,False,[]
428,8.5,2.5,4.5,0.001,False,[]
429,9.5,2.5,4.5,0.001,False,[]
430,0.5,3.5,4.5,0.001,False,[]
431,1.5,3.5,4.5,0.00237267732532,False,[]
432,2.5,3.5,4.5,0.116958145079,False,[433, 532, 442, 333, 342, 533, 542, 443]
433,3.5,3.5,4.5,0.62274045232,False,[333, 533, 432, 443, 532, 534, 343, 543, 442, 444]
434,4.5,3.5,4.5,0.0278910824339,False,[]
435,5.5,3.5,4.5,0.00103111131039,False,[]
436,6.5,3.5,4.5,0.001,False,[]
437,7.5,3.5,4.5,0.001,False,[]
438,8.5,3.5,4.5,0.001,False,[]
439,9.5,3.5,4.5,0.001,False,[]
440,0.5,4.5,4.5,0.001,False,[]
441,1.5,4.5,4.5,0.0145711892213,False,[]
442,2.5,4.5,4.5,0.916561839163,False,[443, 542, 432, 342, 452, 453, 433, 532, 552, 543]
443,3.5,4.5,4.5,0.984357866656,False,[444, 433, 343, 442, 543, 453, 333, 533, 553, 544]
444,4.5,4.5,4.5,0.914723385473,False,[344, 544, 443, 454, 534, 554, 354, 543, 433, 343]
445,5.5,4.5,4.5,0.0146018375112,False,[]
446,6.5,4.5,4.5,0.001,False,[]
447,7.5,4.5,4.5,0.001,False,[]
448,8.5,4.5,4.5,0.001,False,[]
449,9.5,4.5,4.5,0.001,False,[]
450,0.5,5.5,4.5,0.001,False,[]
451,1.5,5.5,4.5,0.00510483468418,False,[]
452,2.5,5.5,4.5,0.304914657628,False,[352, 552, 453, 442, 462, 542, 562, 553, 353, 342]
453,3.5,5.5,4.5,0.377630795296,False,[454, 443, 452, 353, 553, 463, 442, 554, 352, 552]
454,4.5,5.5,4.5,0.326236759706,False,[453, 554, 444, 354, 464, 553, 544, 443, 344, 564]
455,5.5,5.5,4.5,0.00539439040712,False,[]
456,6.5,5.5,4.5,0.001,False,[]
457,7.5,5.5,4.5,0.001,False,[]
458,8.5,5.5,4.5,0.001,False,[]
459,9.5,5.5,4.5,0.001,False,[]
460,0.5,6.5,4.5,0.001,False,[]
461,1.5,6.5,4.5,0.0146292382735,False,[]
462,2.5,6.5,4.5,0.917353312796,False,[362, 562, 452, 463, 552, 572, 473, 563, 453, 352]
463,3.5,6.5,4.5,0.984138839335,False,[473, 464, 453, 462, 563, 363, 364, 564, 553, 562]
464,4.5,6.5,4.5,0.944115373005,False,[463, 454, 564, 364, 554, 563, 354, 473, 453, 574]
465,5.5,6.5,4.5,0.0150012834739,False,[]
466,6.5,6.5,4.5,0.001,False,[]
467,7.5,6.5,4.5,0.001,False,[]
468,8.5,6.5,4.5,0.001,False,[]
469,9.5,6.5,4.5,0.001,False,[]
470,0.5,7.5,4.5,0.001,False,[]
471,1.5,7.5,4.5,0.00110375503939,False,[]
472,2.5,7.5,4.5,0.0336600087198,False,[]
473,3.5,7.5,4.5,0.575353990553,False,[463, 573, 373, 464, 574, 572, 462, 563, 363]
474,4.5,7.5,4.5,0.0602242401194,False,[]
475,5.5,7.5,4.5,0.00150332974065,False,[]
476,6.5,7.5,4.5,0.001,False,[]
477,7.5,7.5,4.5,0.001,False,[]
478,8.5,7.5,4.5,0.001,False,[]
479,9.5,7.5,4.5,0.001,False,[]
480,0.5,8.5,4.5,0.001,False,[]
481,1.5,8.5,4.5,0.001,False,[]
482,2.5,8.5,4.5,0.00110375503939,False,[]
483,3.5,8.5,4.5,0.00950287552573,False,[]
484,4.5,8.5,4.5,0.00150332974065,False,[]
485,5.5,8.5,4.5,0.001,False,[]
486,6.5,8.5,4.5,0.001,False,[]
487,7.5,8.5,4.5,0.001,False,[]
488,8.5,8.5,4.5,0.001,False,[]
489,9.5,8.5,4.5,0.001,False,[]
490,0.5,9.5,4.5,0.001,False,[]
491,1.5,9.5,4.5,0.001,False,[]
492,2.5,9.5,4.5,0.001,False,[]
493,3.5,9.5,4.5,0.001,False,[]
494,4.5,9.5,4.5,0.001,False,[]
495,5.5,9.5,4.5,0.001,False,[]
496,6.5,9.5,4.5,0.001,False,[]
497,7.5,9.5,4.5,0.001,False,[]
498,8.5,9.5,4.5,0.001,False,[]
499,9.5,9.5,4.5,0.001,False,[]
500,0.5,0.5,5.5,0.001,False,[]
501,1.5,0.5,5.5,0.001,False,[]
502,2.5,0.5,5.5,0.001,False,[]
503,3.5,0.5,5.5,0.001,False,[]
504,4.5,0.5,5.5,0.001,False,[]
505,5.5,0.5,5.5,0.001,False,[]
506,6.5,0.5,5.5,0.001,False,[]
507,7.5,0.5,5.5,0.001,False,[]
508,8.5,0.5,5.5,0.001,False,[]
509,9.5,0.5,5.5,0.001,False,[]
510,0.5,1.5,5.5,0.001,False,[]
511,1.5,1.5,5.5,0.001,False,[]
512,2.5,1.5,5.5,0.001,False,[]
513,3.5,1.5,5.5,0.001,False,[]
514,4.5,1.5,5.5,0.001,False,[]
515,5.5,1.5,5.5,0.001,False,[]
516,6.5,1.5,5.5,0.001,False,[]
517,7.5,1.5,5.5,0.001,False,[]
518,8.5,1.5,5.5,0.001,False,[]
519,9.5,1.5,5.5,0.001,False,[]
520,0.5,2.5,5.5,0.001,False,[]
521,1.5,2.5,5.5,0.001,False,[]
522,2.5,2.5,5.5,0.0061942126859,False,[]
523,3.5,2.5,5.5,0.0138193963743,False,[]
524,4.5,2.5,5.5,0.00309416685734,False,[]
525,5.5,2.5,5.5,0.001,False,[]
526,6.5,2.5,5.5,0.001,False,[]
527,7.5,2.5,5.5,0.001,False,[]
528,8.5,2.5,5.5,0.001,False,[]
529,9.5,2.5,5.5,0.001,False,[]
530,0.5,3.5,5.5,0.001,False,[]
531,1.5,3.5,5.5,0.00632857773151,False,[]
532,2.5,3.5,5.5,0.3738426555,False,[533, 432, 632, 542, 633, 433, 442, 642, 543]
533,3.5,3.5,5.5,0.860523329989,False,[534, 433, 532, 633, 543, 443, 632, 432, 643, 634]
534,4.5,3.5,5.5,0.174309727731,False,[533, 634, 544, 633, 433, 444, 644, 543]
535,5.5,3.5,5.5,0.0031012168296,False,[]
536,6.5,3.5,5.5,0.001,False,[]
537,7.5,3.5,5.5,0.001,False,[]
538,8.5,3.5,5.5,0.001,False,[]
539,9.5,3.5,5.5,0.001,False,[]
540,0.5,4.5,5.5,0.00100249712109,False,[]
541,1.5,4.5,5.5,0.0147105206596,False,[]
542,2.5,4.5,5.5,0.915112926477,False,[552, 442, 532, 642, 543, 452, 632, 432, 443, 643]
543,3.5,4.5,5.5,0.97117087984,False,[544, 533, 643, 553, 443, 542, 644, 433, 554, 442]
544,4.5,4.5,5.5,0.920882510973,False,[554, 444, 534, 644, 543, 454, 634, 443, 643, 533]
545,5.5,4.5,5.5,0.0146924774706,False,[]
546,6.5,4.5,5.5,0.001,False,[]
547,7.5,4.5,5.5,0.001,False,[]
548,8.5,4.5,5.5,0.001,False,[]
549,9.5,4.5,5.5,0.001,False,[]
550,0.5,5.5,5.5,0.001,False,[]
551,1.5,5.5,5.5,0.00261691010669,False,[]
552,2.5,5.5,5.5,0.136900332344,False,[542, 452, 553, 562, 453, 442, 462, 642, 662, 543]
553,3.5,5.5,5.5,0.127369895508,False,[543, 453, 554, 552, 563, 564, 643, 443, 452, 454]
554,4.5,5.5,5.5,0.152317835719,False,[544, 454, 553, 564, 444, 543, 453, 644, 563, 464]
555,5.5,5.5,5.5,0.00283384689082,False,[]
556,6.5,5.5,5.5,0.001,False,[]
557,7.5,5.5,5.5,0.001,False,[]
558,8.5,5.5,5.5,0.001,False,[]
559,9.5,5.5,5.5,0.001,False,[]
560,0.5,6.5,5.5,0.00100712094689,False,[]
561,1.5,6.5,5.5,0.0150350730883,False,[]
562,2.5,6.5,5.5,0.915500429264,False,[572, 552, 462, 662, 563, 663, 463, 452, 553, 672]
563,3.5,6.5,5.5,0.973314434676,False,[663, 553, 463, 562, 564, 573, 552, 464, 453, 664]
564,4.5,6.5,5.5,0.938158265534,False,[664, 554, 563, 464, 574, 553, 463, 454, 663, 573]
565,5.5,6.5,5.5,0.0150905976712,False,[]
566,6.5,6.5,5.5,0.00100267914008,False,[]
567,7.5,6.5,5.5,0.001,False,[]
568,8.5,6.5,5.5,0.001,False,[]
569,9.5,6.5,5.5,0.001,False,[]
570,0.5,7.5,5.5,0.001,False,[]
571,1.5,7.5,5.5,0.00495715310398,False,[]
572,2.5,7.5,5.5,0.288683716465,False,[562, 672, 573, 662, 462, 473, 673, 563]
573,3.5,7.5,5.5,0.806599745636,False,[673, 574, 473, 572, 563, 564, 562, 674, 463, 672]
574,4.5,7.5,5.5,0.327543816786,False,[674, 573, 564, 563, 473, 673, 464, 664]
575,5.5,7.5,5.5,0.00556076554144,False,[]
576,6.5,7.5,5.5,0.001,False,[]
577,7.5,7.5,5.5,0.001,False,[]
578,8.5,7.5,5.5,0.001,False,[]
579,9.5,7.5,5.5,0.001,False,[]
580,0.5,8.5,5.5,0.001,False,[]
581,1.5,8.5,5.5,0.001,False,[]
582,2.5,8.5,5.5,0.00489501823989,False,[]
583,3.5,8.5,5.5,0.0129949172867,False,[]
584,4.5,8.5,5.5,0.00548929897657,False,[]
585,5.5,8.5,5.5,0.001,False,[]
586,6.5,8.5,5.5,0.001,False,[]
587,7.5,8.5,5.5,0.001,False,[]
588,8.5,8.5,5.5,0.001,False,[]
589,9.5,8.5,5.5,0.001,False,[]
590,0.5,9.5,5.5,0.001,False,[]
591,1.5,9.5,5.5,0.001,False,[]
592,2.5,9.5,5.5,0.001,False,[]
593,3.5,9.5,5.5,0.001,False,[]
594,4.5,9.5,5.5,0.001,False,[]
595,5.5,9.5,5.5,0.001,False,[]
596,6.5,9.5,5.5,0.001,False,[]
597,7.5,9.5,5.5,0.001,False,[]
598,8.5,9.5,5.5,0.001,False,[]
599,9.5,9.5,5.5,0.001,False,[]
600,0.5,0.5,6.5,0.001,False,[]
601,1.5,0.5,6.5,0.001,False,[]
602,2.5,0.5,6.5,0.001,False,[]
603,3.5,0.5,6.5,0.001,False,[]
604,4.5,0.5,6.5,0.001,False,[]
605,5.5,0.5,6.5,0.001,False,[]
606,6.5,0.5,6.5,0.001,False,[]
607,7.5,0.5,6.5,0.001,False,[]
608,8.5,0.5,6.5,0.001,False,[]
609,9.5,0.5,6.5,0.001,False,[]
610,0.5,1.5,6.5,0.001,False,[]
611,1.5,1.5,6.5,0.001,False,[]
612,2.5,1.5,6.5,0.001006941161,False,[]
613,3.5,1.5,6.5,0.001,False,[]
614,4.5,1.5,6.5,0.00100186267976,False,[]
615,5.5,1.5,6.5,0.001,False,[]
616,6.5,1.5,6.5,0.001,False,[]
617,7.5,1.5,6.5,0.001,False,[]
618,8.5,1.5,6.5,0.001,False,[]
619,9.5,1.5,6.5,0.001,False,[]
620,0.5,2.5,6.5,0.001,False,[]
621,1.5,2.5,6.5,0.00114889572439,False,[]
622,2.5,2.5,6.5,0.0180077645532,False,[]
623,3.5,2.5,6.5,0.00937442990595,False,[]
624,4.5,2.5,6.5,0.0181877499027,False,[]
625,5.5,2.5,6.5,0.00101077533178,False,[]
626,6.5,2.5,6.5,0.001,False,[]
627,7.5,2.5,6.5,0.001,False,[]
628,8.5,2.5,6.5,0.001,False,[]
629,9.5,2.5,6.5,0.001,False,[]
630,0.5,3.5,6.5,0.00116236011996,False,[]
631,1.5,3.5,6.5,0.0314476048267,False,[]
632,2.5,3.5,6.5,0.8814880148,False,[633, 732, 532, 642, 722, 533, 731, 733, 643, 742]
633,3.5,3.5,6.5,0.581691328392,False,[533, 733, 632, 634, 643, 644, 532, 732, 734, 642]
634,4.5,3.5,6.5,0.862872673556,False,[534, 734, 633, 644, 724, 533, 733, 744, 544, 643]
635,5.5,3.5,6.5,0.0209312792303,False,[]
636,6.5,3.5,6.5,0.00100891265202,False,[]
637,7.5,3.5,6.5,0.001,False,[]
638,8.5,3.5,6.5,0.001,False,[]
639,9.5,3.5,6.5,0.001,False,[]
640,0.5,4.5,6.5,0.00104222923425,False,[]
641,1.5,4.5,6.5,0.0166579454302,False,[]
642,2.5,4.5,6.5,0.88055710067,False,[643, 632, 742, 542, 732, 633, 532, 552, 752, 543]
643,3.5,4.5,6.5,0.256377359115,False,[642, 633, 644, 543, 733, 742, 744, 634, 553, 533]
644,4.5,4.5,6.5,0.896858257464,False,[643, 744, 634, 544, 734, 534, 754, 554, 633, 543]
645,5.5,4.5,6.5,0.0159765858932,False,[]
646,6.5,4.5,6.5,0.0010241536961,False,[]
647,7.5,4.5,6.5,0.001,False,[]
648,8.5,4.5,6.5,0.001,False,[]
649,9.5,4.5,6.5,0.001,False,[]
650,0.5,5.5,6.5,0.001,False,[]
651,1.5,5.5,6.5,0.00191497639026,False,[]
652,2.5,5.5,6.5,0.058320195438,False,[]
653,3.5,5.5,6.5,0.0110409472613,False,[]
654,4.5,5.5,6.5,0.08463371529,False,[]
655,5.5,5.5,6.5,0.00198736632466,False,[]
656,6.5,5.5,6.5,0.001,False,[]
657,7.5,5.5,6.5,0.001,False,[]
658,8.5,5.5,6.5,0.001,False,[]
659,9.5,5.5,6.5,0.001,False,[]
660,0.5,6.5,6.5,0.00109843968578,False,[]
661,1.5,6.5,6.5,0.0198456073961,False,[]
662,2.5,6.5,6.5,0.890132116835,False,[562, 762, 672, 663, 752, 552, 572, 772, 673, 563]
663,3.5,6.5,6.5,0.293874568673,False,[673, 664, 662, 563, 764, 674, 562, 564, 553, 762]
664,4.5,6.5,6.5,0.907507645576,False,[674, 663, 764, 564, 754, 554, 673, 774, 563, 574]
665,5.5,6.5,6.5,0.0163860369675,False,[]
666,6.5,6.5,6.5,0.00102721746793,False,[]
667,7.5,6.5,6.5,0.001,False,[]
668,8.5,6.5,6.5,0.001,False,[]
669,9.5,6.5,6.5,0.001,False,[]
670,0.5,7.5,6.5,0.00106693559452,False,[]
671,1.5,7.5,6.5,0.0259937995538,False,[]
672,2.5,7.5,6.5,0.859470909763,False,[572, 772, 662, 673, 762, 562, 771, 773, 782, 663]
673,3.5,7.5,6.5,0.479696266785,False,[663, 674, 773, 672, 573, 664, 574, 774, 772, 662]
674,4.5,7.5,6.5,0.879910804322,False,[664, 673, 774, 574, 773, 784, 663, 573, 775, 764]
675,5.5,7.5,6.5,0.0262258042951,False,[]
676,6.5,7.5,6.5,0.00107338245402,False,[]
677,7.5,7.5,6.5,0.001,False,[]
678,8.5,7.5,6.5,0.001,False,[]
679,9.5,7.5,6.5,0.001,False,[]
680,0.5,8.5,6.5,0.001,False,[]
681,1.5,8.5,6.5,0.00106047369981,False,[]
682,2.5,8.5,6.5,0.0170382766305,False,[]
683,3.5,8.5,6.5,0.00778330712725,False,[]
684,4.5,8.5,6.5,0.0182456591846,False,[]
685,5.5,8.5,6.5,0.00107957427257,False,[]
686,6.5,8.5,6.5,0.001,False,[]
687,7.5,8.5,6.5,0.001,False,[]
688,8.5,8.5,6.5,0.001,False,[]
689,9.5,8.5,6.5,0.001,False,[]
690,0.5,9.5,6.5,0.001,False,[]
691,1.5,9.5,6.5,0.001,False,[]
692,2.5,9.5,6.5,0.00100156586664,False,[]
693,3.5,9.5,6.5,0.001,False,[]
694,4.5,9.5,6.5,0.00100536086743,False,[]
695,5.5,9.5,6.5,0.001,False,[]
696,6.5,9.5,6.5,0.001,False,[]
697,7.5,9.5,6.5,0.001,False,[]
698,8.5,9.5,6.5,0.001,False,[]
699,9.5,9.5,6.5,0.001,False,[]
700,0.5,0.5,7.5,0.001,False,[]
701,1.5,0.5,7.5,0.001,False,[]
702,2.5,0.5,7.5,0.001,False,[]
703,3.5,0.5,7.5,0.001,False,[]
704,4.5,0.5,7.5,0.001,False,[]
705,5.5,0.5,7.5,0.001,False,[]
706,6.5,0.5,7.5,0.001,False,[]
707,7.5,0.5,7.5,0.001,False,[]
708,8.5,0.5,7.5,0.001,False,[]
709,9.5,0.5,7.5,0.001,False,[]
710,0.5,1.5,7.5,0.001,False,[]
711,1.5,1.5,7.5,0.00100278874628,False,[]
712,2.5,1.5,7.5,0.00443566528733,False,[]
713,3.5,1.5,7.5,0.00100742374614,False,[]
714,4.5,1.5,7.5,0.00518510949104,False,[]
715,5.5,1.5,7.5,0.001,False,[]
716,6.5,1.5,7.5,0.001,False,[]
717,7.5,1.5,7.5,0.001,False,[]
718,8.5,1.5,7.5,0.001,False,[]
719,9.5,1.5,7.5,0.001,False,[]
720,0.5,2.5,7.5,0.00100325353733,False,[]
721,1.5,2.5,7.5,0.0177472440304,False,[]
722,2.5,2.5,7.5,0.243350772905,False,[822, 732, 832, 731, 632, 821, 733]
723,3.5,2.5,7.5,0.0129183539616,False,[]
724,4.5,2.5,7.5,0.291835608792,False,[824, 734, 834, 825, 634, 733, 735]
725,5.5,2.5,7.5,0.0158390817007,False,[]
726,6.5,2.5,7.5,0.001,False,[]
727,7.5,2.5,7.5,0.001,False,[]
728,8.5,2.5,7.5,0.001,False,[]
729,9.5,2.5,7.5,0.001,False,[]
730,0.5,3.5,7.5,0.010773086264,False,[]
731,1.5,3.5,7.5,0.562200238457,False,[831, 732, 821, 832, 632, 742, 722]
732,2.5,3.5,7.5,0.915445362182,False,[733, 832, 722, 731, 632, 742, 831, 633, 822, 642]
733,3.5,3.5,7.5,0.274740073455,False,[633, 732, 734, 724, 632, 832, 722, 742, 634, 643]
734,4.5,3.5,7.5,0.917604082363,False,[744, 834, 724, 733, 634, 735, 824, 644, 633, 835]
735,5.5,3.5,7.5,0.438692117322,False,[734, 835, 724, 744, 634, 834, 825]
736,6.5,3.5,7.5,0.00745328689821,False,[]
737,7.5,3.5,7.5,0.001,False,[]
738,8.5,3.5,7.5,0.001,False,[]
739,9.5,3.5,7.5,0.001,False,[]
740,0.5,4.5,7.5,0.00109606707285,False,[]
741,1.5,4.5,7.5,0.0250285744638,False,[]
742,2.5,4.5,7.5,0.659099677045,False,[642, 732, 752, 733, 632, 832, 643, 731, 852]
743,3.5,4.5,7.5,0.0296675985807,False,[]
744,4.5,4.5,7.5,0.746757488584,False,[644, 734, 754, 643, 634, 834, 854, 733, 735]
745,5.5,4.5,7.5,0.0237330957188,False,[]
746,6.5,4.5,7.5,0.00107572385558,False,[]
747,7.5,4.5,7.5,0.001,False,[]
748,8.5,4.5,7.5,0.001,False,[]
749,9.5,4.5,7.5,0.001,False,[]
750,0.5,5.5,7.5,0.00152085600932,False,[]
751,1.5,5.5,7.5,0.0459994134141,False,[]
752,2.5,5.5,7.5,0.484976966059,False,[742, 852, 762, 642, 851, 662]
753,3.5,5.5,7.5,0.0136441739984,False,[]
754,4.5,5.5,7.5,0.387781189658,False,[744, 854, 764, 855, 644, 664, 864]
755,5.5,5.5,7.5,0.0262036502078,False,[]
756,6.5,5.5,7.5,0.00116303978822,False,[]
757,7.5,5.5,7.5,0.001,False,[]
758,8.5,5.5,7.5,0.001,False,[]
759,9.5,5.5,7.5,0.001,False,[]
760,0.5,6.5,7.5,0.00114994075465,False,[]
761,1.5,6.5,7.5,0.0285860469282,False,[]
762,2.5,6.5,7.5,0.691905748261,False,[662, 752, 772, 872, 852, 663, 672, 771, 773]
763,3.5,6.5,7.5,0.0312698030705,False,[]
764,4.5,6.5,7.5,0.782014846818,False,[864, 754, 664, 774, 854, 874, 663, 773, 674, 775]
765,5.5,6.5,7.5,0.0256399270028,False,[]
766,6.5,6.5,7.5,0.00108095087725,False,[]
767,7.5,6.5,7.5,0.001,False,[]
768,8.5,6.5,7.5,0.001,False,[]
769,9.5,6.5,7.5,0.001,False,[]
770,0.5,7.5,7.5,0.0108091150113,False,[]
771,1.5,7.5,7.5,0.56409697436,False,[871, 772, 872, 762, 672, 782, 881]
772,2.5,7.5,7.5,0.908427314669,False,[773, 872, 762, 771, 672, 782, 871, 673, 662, 882]
773,3.5,7.5,7.5,0.258250814432,False,[772, 774, 673, 762, 674, 874, 764, 663, 784, 672]
774,4.5,7.5,7.5,0.923554226527,False,[764, 674, 874, 775, 773, 784, 664, 673, 875, 864]
775,5.5,7.5,7.5,0.497411280039,False,[875, 774, 764, 885, 674, 874, 784]
776,6.5,7.5,7.5,0.00836950787941,False,[]
777,7.5,7.5,7.5,0.001,False,[]
778,8.5,7.5,7.5,0.001,False,[]
779,9.5,7.5,7.5,0.001,False,[]
780,0.5,8.5,7.5,0.00100205118862,False,[]
781,1.5,8.5,7.5,0.0175500031596,False,[]
782,2.5,8.5,7.5,0.223116420566,False,[772, 882, 771, 773, 672, 872, 881]
783,3.5,8.5,7.5,0.0119118696516,False,[]
784,4.5,8.5,7.5,0.268206648906,False,[774, 884, 874, 775, 773, 674, 885]
785,5.5,8.5,7.5,0.0169733487038,False,[]
786,6.5,8.5,7.5,0.00100159678933,False,[]
787,7.5,8.5,7.5,0.001,False,[]
788,8.5,8.5,7.5,0.001,False,[]
789,9.5,8.5,7.5,0.001,False,[]
790,0.5,9.5,7.5,0.001,False,[]
791,1.5,9.5,7.5,0.00100205118862,False,[]
792,2.5,9.5,7.5,0.00464310720444,False,[]
793,3.5,9.5,7.5,0.00100585054809,False,[]
794,4.5,9.5,7.5,0.0054554713275,False,[]
795,5.5,9.5,7.5,0.00100186292088,False,[]
796,6.5,9.5,7.5,0.001,False,[]
797,7.5,9.5,7.5,0.001,False,[]
798,8.5,9.5,7.5,0.001,False,[]
799,9.5,9.5,7.5,0.001,False,[]
800,0.5,0.5,8.5,0.001,False,[]
801,1.5,0.5,8.5,0.001,False,[]
802,2.5,0.5,8.5,0.001,False,[]
803,3.5,0.5,8.5,0.001,False,[]
804,4.5,0.5,8.5,0.001,False,[]
805,5.5,0.5,8.5,0.001,False,[]
806,6.5,0.5,8.5,0.001,False,[]
807,7.5,0.5,8.5,0.001,False,[]
808,8.5,0.5,8.5,0.001,False,[]
809,9.5,0.5,8.5,0.001,False,[]
810,0.5,1.5,8.5,0.001,False,[]
811,1.5,1.5,8.5,0.00575616789761,False,[]
812,2.5,1.5,8.5,0.0099556853312,False,[]
813,3.5,1.5,8.5,0.00111015014887,False,[]
814,4.5,1.5,8.5,0.0104534860797,False,[]
815,5.5,1.5,8.5,0.00520068531149,False,[]
816,6.5,1.5,8.5,0.001,False,[]
817,7.5,1.5,8.5,0.001,False,[]
818,8.5,1.5,8.5,0.001,False,[]
819,9.5,1.5,8.5,0.001,False,[]
820,0.5,2.5,8.5,0.00654886254721,False,[]
821,1.5,2.5,8.5,0.337566813094,False,[822, 921, 831, 731, 931, 920, 911, 722, 922, 832]
822,2.5,2.5,8.5,0.600070164005,False,[922, 821, 722, 832, 921, 732, 932, 831, 912, 923]
823,3.5,2.5,8.5,0.0390399417699,False,[]
824,4.5,2.5,8.5,0.632927970416,False,[834, 724, 924, 825, 923, 934, 925, 914, 734, 835]
825,5.5,2.5,8.5,0.302386117973,False,[925, 824, 835, 926, 724, 924, 915, 834, 935, 735]
826,6.5,2.5,8.5,0.00520068531149,False,[]
827,7.5,2.5,8.5,0.001,False,[]
828,8.5,2.5,8.5,0.001,False,[]
829,9.5,2.5,8.5,0.001,False,[]
830,0.5,3.5,8.5,0.0142498284566,False,[]
831,1.5,3.5,8.5,0.761359052428,False,[931, 821, 731, 832, 921, 932, 822, 930, 732, 941]
832,2.5,3.5,8.5,0.826729363124,False,[932, 822, 732, 831, 722, 922, 742, 733, 731, 933]
833,3.5,3.5,8.5,0.0843283085003,False,[]
834,4.5,3.5,8.5,0.843428402667,False,[934, 824, 734, 835, 724, 924, 944, 935, 733, 825]
835,5.5,3.5,8.5,0.740286973921,False,[825, 834, 935, 735, 824, 734, 934, 925, 936, 945]
836,6.5,3.5,8.5,0.0120712904692,False,[]
837,7.5,3.5,8.5,0.001,False,[]
838,8.5,3.5,8.5,0.001,False,[]
839,9.5,3.5,8.5,0.001,False,[]
840,0.5,4.5,8.5,0.0011736066476,False,[]
841,1.5,4.5,8.5,0.0433946290553,False,[]
842,2.5,4.5,8.5,0.0576406872935,False,[]
843,3.5,4.5,8.5,0.0148799636208,False,[]
844,4.5,4.5,8.5,0.0836763640277,False,[]
845,5.5,4.5,8.5,0.0409986883247,False,[]
846,6.5,4.5,8.5,0.00111149477278,False,[]
847,7.5,4.5,8.5,0.001,False,[]
848,8.5,4.5,8.5,0.001,False,[]
849,9.5,4.5,8.5,0.001,False,[]
850,0.5,5.5,8.5,0.0116773967417,False,[]
851,1.5,5.5,8.5,0.601515381791,False,[852, 951, 941, 950, 752, 952, 961]
852,2.5,5.5,8.5,0.729320462845,False,[752, 851, 952, 942, 951, 762, 742, 953, 962]
853,3.5,5.5,8.5,0.0313188846193,False,[]
854,4.5,5.5,8.5,0.754851827811,False,[855, 754, 954, 864, 744, 944, 955, 764, 953, 964]
855,5.5,5.5,8.5,0.599900400837,False,[854, 955, 956, 965, 754, 954, 945, 864]
856,6.5,5.5,8.5,0.0101196192833,False,[]
857,7.5,5.5,8.5,0.001,False,[]
858,8.5,5.5,8.5,0.001,False,[]
859,9.5,5.5,8.5,0.001,False,[]
860,0.5,6.5,8.5,0.00119202752435,False,[]
861,1.5,6.5,8.5,0.0448030602631,False,[]
862,2.5,6.5,8.5,0.0752694615475,False,[]
863,3.5,6.5,8.5,0.0154761280464,False,[]
864,4.5,6.5,8.5,0.0974777032345,False,[964, 854, 764, 874, 754, 954, 965, 855, 963, 774]
865,5.5,6.5,8.5,0.0482541041402,False,[]
866,6.5,6.5,8.5,0.00122033794896,False,[]
867,7.5,6.5,8.5,0.001,False,[]
868,8.5,6.5,8.5,0.001,False,[]
869,9.5,6.5,8.5,0.001,False,[]
870,0.5,7.5,8.5,0.0143214006801,False,[]
871,1.5,7.5,8.5,0.765445795416,False,[872, 771, 971, 881, 882, 961, 970, 772, 972, 981]
872,2.5,7.5,8.5,0.824576821392,False,[871, 772, 972, 882, 762, 962, 773, 771, 881, 971]
873,3.5,7.5,8.5,0.0874838354434,False,[]
874,4.5,7.5,8.5,0.840271547278,False,[974, 875, 864, 774, 884, 964, 984, 973, 773, 775]
875,5.5,7.5,8.5,0.73768563926,False,[975, 874, 775, 885, 965, 864, 774, 974, 976, 985]
876,6.5,7.5,8.5,0.0120047054587,False,[]
877,7.5,7.5,8.5,0.001,False,[]
878,8.5,7.5,8.5,0.001,False,[]
879,9.5,7.5,8.5,0.001,False,[]
880,0.5,8.5,8.5,0.00672483873226,False,[]
881,1.5,8.5,8.5,0.347216123773,False,[871, 882, 981, 872, 982, 991, 782, 771, 971, 980]
882,2.5,8.5,8.5,0.593868207184,False,[982, 872, 881, 782, 772, 972, 992, 871, 981, 983]
883,3.5,8.5,8.5,0.0425629972013,False,[]
884,4.5,8.5,8.5,0.615114802747,False,[885, 874, 984, 784, 983, 875, 774, 974, 994, 985]
885,5.5,8.5,8.5,0.332794910977,False,[985, 875, 884, 995, 986, 874, 775, 975, 984, 784]
886,6.5,8.5,8.5,0.005682670884,False,[]
887,7.5,8.5,8.5,0.001,False,[]
888,8.5,8.5,8.5,0.001,False,[]
889,9.5,8.5,8.5,0.001,False,[]
890,0.5,9.5,8.5,0.001,False,[]
891,1.5,9.5,8.5,0.00672483873226,False,[]
892,2.5,9.5,8.5,0.0113447141636,False,[]
893,3.5,9.5,8.5,0.00119851178514,False,[]
894,4.5,9.5,8.5,0.011708687553,False,[]
895,5.5,9.5,8.5,0.00646311603134,False,[]
896,6.5,9.5,8.5,0.001,False,[]
897,7.5,9.5,8.5,0.001,False,[]
898,8.5,9.5,8.5,0.001,False,[]
899,9.5,9.5,8.5,0.001,False,[]
900,0.5,0.5,9.5,0.001,False,[]
901,1.5,0.5,9.5,0.001,False,[]
902,2.5,0.5,9.5,0.001,False,[]
903,3.5,0.5,9.5,0.001,False,[]
904,4.5,0.5,9.5,0.001,False,[]
905,5.5,0.5,9.5,0.001,False,[]
906,6.5,0.5,9.5,0.001,False,[]
907,7.5,0.5,9.5,0.001,False,[]
908,8.5,0.5,9.5,0.001,False,[]
909,9.5,0.5,9.5,0.001,False,[]
910,0.5,1.5,9.5,1.0,True,[920, 911, 921]
911,1.5,1.5,9.5,1.0,True,[910, 921, 912, 920, 821, 922]
912,2.5,1.5,9.5,1.0,True,[922, 911, 913, 822, 921, 923]
913,3.5,1.5,9.5,1.0,True,[923, 912, 914, 922, 924]
914,4.5,1.5,9.5,1.0,True,[924, 913, 915, 824, 923, 925]
915,5.5,1.5,9.5,1.0,True,[925, 914, 916, 926, 924, 825]
916,6.5,1.5,9.5,1.0,True,[926, 915, 925]
917,7.5,1.5,9.5,0.001,False,[]
918,8.5,1.5,9.5,0.001,False,[]
919,9.5,1.5,9.5,0.001,False,[]
920,0.5,2.5,9.5,1.0,True,[910, 921, 930, 911, 931, 821]
921,1.5,2.5,9.5,1.0,True,[922, 920, 911, 821, 931, 822, 910, 930, 932, 912]
922,2.5,2.5,9.5,1.0,True,[932, 921, 912, 822, 923, 911, 821, 931, 832, 933]
923,3.5,2.5,9.5,1.0,True,[924, 922, 913, 933, 914, 912, 822, 932, 824, 934]
924,4.5,2.5,9.5,1.0,True,[934, 923, 914, 824, 925, 913, 834, 935, 915, 933]
925,5.5,2.5,9.5,1.0,True,[915, 924, 935, 926, 825, 914, 824, 934, 936, 916]
926,6.5,2.5,9.5,1.0,True,[925, 936, 916, 935, 915, 825]
927,7.5,2.5,9.5,0.001,False,[]
928,8.5,2.5,9.5,0.001,False,[]
929,9.5,2.5,9.5,0.001,False,[]
930,0.5,3.5,9.5,1.0,True,[920, 931, 940, 831, 921, 941]
931,1.5,3.5,9.5,1.0,True,[831, 921, 930, 932, 941, 920, 821, 942, 922, 832]
932,2.5,3.5,9.5,1.0,True,[933, 922, 931, 832, 942, 822, 923, 941, 831, 943]
933,3.5,3.5,9.5,1.0,True,[934, 932, 923, 943, 922, 834, 832, 942, 924, 944]
934,4.5,3.5,9.5,1.0,True,[944, 924, 933, 834, 935, 824, 835, 925, 943, 945]
935,5.5,3.5,9.5,1.0,True,[835, 934, 936, 925, 945, 834, 944, 946, 926, 825]
936,6.5,3.5,9.5,1.0,True,[926, 935, 946, 925, 835, 945]
937,7.5,3.5,9.5,0.001,False,[]
938,8.5,3.5,9.5,0.001,False,[]
939,9.5,3.5,9.5,0.001,False,[]
940,0.5,4.5,9.5,1.0,True,[950, 930, 941, 931, 951]
941,1.5,4.5,9.5,1.0,True,[951, 942, 931, 940, 831, 952, 930, 932, 950, 851]
942,2.5,4.5,9.5,1.0,True,[943, 932, 941, 952, 953, 931, 832, 933, 951, 852]
943,3.5,4.5,9.5,1.0,True,[944, 933, 942, 953, 932, 934, 952, 954]
944,4.5,4.5,9.5,1.0,True,[954, 934, 943, 945, 953, 933, 834, 854, 935, 955]
945,5.5,4.5,9.5,1.0,True,[935, 944, 946, 955, 934, 936, 954, 956, 835, 855]
946,6.5,4.5,9.5,1.0,True,[945, 936, 956, 935, 955]
947,7.5,4.5,9.5,0.001,False,[]
948,8.5,4.5,9.5,0.001,False,[]
949,9.5,4.5,9.5,0.001,False,[]
950,0.5,5.5,9.5,1.0,True,[940, 951, 960, 941, 851, 961]
951,1.5,5.5,9.5,1.0,True,[851, 952, 950, 941, 961, 852, 940, 942, 960, 962]
952,2.5,5.5,9.5,1.0,True,[852, 951, 953, 942, 962, 941, 851, 961, 943, 963]
953,3.5,5.5,9.5,1.0,True,[954, 943, 952, 963, 964, 852, 942, 944, 854, 962]
954,4.5,5.5,9.5,1.0,True,[955, 944, 953, 854, 964, 855, 963, 965, 945, 864]
955,5.5,5.5,9.5,1.0,True,[855, 954, 956, 945, 965, 854, 964, 944, 946, 966]
956,6.5,5.5,9.5,1.0,True,[946, 955, 966, 945, 855, 965]
957,7.5,5.5,9.5,0.001,False,[]
958,8.5,5.5,9.5,0.001,False,[]
959,9.5,5.5,9.5,0.001,False,[]
960,0.5,6.5,9.5,1.0,True,[961, 950, 970, 951, 971]
961,1.5,6.5,9.5,1.0,True,[962, 951, 960, 971, 952, 970, 950, 851, 972, 871]
962,2.5,6.5,9.5,1.0,True,[972, 952, 961, 963, 951, 953, 971, 852, 872, 973]
963,3.5,6.5,9.5,1.0,True,[962, 964, 953, 973, 954, 864, 974, 952, 972]
964,4.5,6.5,9.5,1.0,True,[864, 954, 963, 965, 974, 953, 854, 955, 973, 975]
965,5.5,6.5,9.5,1.0,True,[966, 955, 964, 975, 956, 974, 855, 976, 864, 875]
966,6.5,6.5,9.5,1.0,True,[965, 956, 976, 955, 975]
967,7.5,6.5,9.5,0.001,False,[]
968,8.5,6.5,9.5,0.001,False,[]
969,9.5,6.5,9.5,0.001,False,[]
970,0.5,7.5,9.5,1.0,True,[960, 971, 980, 871, 961, 981]
971,1.5,7.5,9.5,1.0,True,[871, 961, 970, 972, 981, 960, 962, 982, 872, 980]
972,2.5,7.5,9.5,1.0,True,[973, 962, 971, 872, 982, 963, 981, 871, 983, 882]
973,3.5,7.5,9.5,1.0,True,[963, 974, 972, 983, 964, 872, 874, 984, 962, 982]
974,4.5,7.5,9.5,1.0,True,[874, 973, 975, 964, 984, 963, 983, 864, 875, 965]
975,5.5,7.5,9.5,1.0,True,[875, 965, 974, 976, 985, 964, 966, 986, 984, 874]
976,6.5,7.5,9.5,1.0,True,[975, 966, 986, 875, 965, 985]
977,7.5,7.5,9.5,0.001,False,[]
978,8.5,7.5,9.5,0.001,False,[]
979,9.5,7.5,9.5,0.001,False,[]
980,0.5,8.5,9.5,1.0,True,[990, 970, 981, 991, 971, 881]
981,1.5,8.5,9.5,1.0,True,[980, 982, 971, 991, 881, 882, 970, 992, 972, 871]
982,2.5,8.5,9.5,1.0,True,[983, 972, 981, 992, 882, 971, 872, 973, 991, 881]
983,3.5,8.5,9.5,1.0,True,[993, 984, 973, 982, 974, 994, 992, 884, 972, 882]
984,4.5,8.5,9.5,1.0,True,[985, 983, 974, 994, 884, 975, 995, 973, 993, 874]
985,5.5,8.5,9.5,1.0,True,[984, 986, 975, 995, 885, 974, 976, 996, 994, 875]
986,6.5,8.5,9.5,1.0,True,[985, 976, 996, 975, 995, 885]
987,7.5,8.5,9.5,0.001,False,[]
988,8.5,8.5,9.5,0.001,False,[]
989,9.5,8.5,9.5,0.001,False,[]
990,0.5,9.5,9.5,1.0,True,[991, 980, 981]
991,1.5,9.5,9.5,1.0,True,[990, 992, 981, 982, 980, 881]
992,2.5,9.5,9.5,1.0,True,[993, 991, 982, 981, 983, 882]
993,3.5,9.5,9.5,1.0,True,[992, 994, 983, 984, 982]
994,4.5,9.5,9.5,1.0,True,[995, 993, 984, 983, 985, 884]
995,5.5,9.5,9.5,1.0,True,[994, 996, 985, 986, 984, 885]
996,6.5,9.5,9.5,1.0,True,[995, 986, 985]
997,7.5,9.5,9.5,0.001,False,[]
998,8.5,9.5,9.5,0.001,False,[]
999,9.5,9.5,9.5,0.001,False,[]
