0,0.5,0.5,0.5,0.001,False,[]
1,1.5,0.5,0.5,0.001,False,[]
2,2.5,0.5,0.5,0.001,False,[]
3,3.5,0.5,0.5,0.001,False,[]
4,4.5,0.5,0.5,0.001,False,[]
5,5.5,0.5,0.5,0.001,False,[]
6,6.5,0.5,0.5,0.001,False,[]
7,7.5,0.5,0.5,0.001,False,[]
8,8.5,0.5,0.5,0.001,False,[]
9,9.5,0.5,0.5,0.001,False,[]
10,0.5,1.5,0.5,0.001,False,[]
11,1.5,1.5,0.5,0.001,False,[]
12,2.5,1.5,0.5,0.001,False,[]
13,3.5,1.5,0.5,0.001,False,[]
14,4.5,1.5,0.5,0.001,False,[]
15,5.5,1.5,0.5,0.001,False,[]
16,6.5,1.5,0.5,0.001,False,[]
17,7.5,1.5,0.5,0.001,False,[]
18,8.5,1.5,0.5,0.001,False,[]
19,9.5,1.5,0.5,0.001,False,[]
20,0.5,2.5,0.5,0.001,False,[]
21,1.5,2.5,0.5,0.001,False,[]
22,2.5,2.5,0.5,0.001,False,[]
23,3.5,2.5,0.5,1.0,True,[33, 24, 133, 34]
24,4.5,2.5,0.5,1.0,True,[34, 25, 23, 134, 35, 33]
25,5.5,2.5,0.5,1.0,True,[35, 24, 26, 34, 36]
26,6.5,2.5,0.5,1.0,True,[36, 27, 25, 37, 35]
27,7.5,2.5,0.5,1.0,True,[37, 26, 28, 36, 38]
28,8.5,2.5,0.5,1.0,True,[29, 38, 27, 39, 37]
29,9.5,2.5,0.5,1.0,True,[39, 28, 38]
30,0.5,3.5,0.5,0.001,False,[]
31,1.5,3.5,0.5,0.001,False,[]
32,2.5,3.5,0.5,0.00638688290062,False,[]
33,3.5,3.5,0.5,1.0,True,[34, 43, 133, 23, 143, 44, 134, 24]
34,4.5,3.5,0.5,1.0,True,[33, 35, 44, 134, 24, 25, 144, 45, 133, 43]
35,5.5,3.5,0.5,1.0,True,[36, 34, 45, 25, 44, 134, 46, 24, 145, 26]
36,6.5,3.5,0.5,1.0,True,[35, 46, 37, 26, 47, 27, 45, 25]
37,7.5,3.5,0.5,1.0,True,[38, 47, 36, 27, 46, 48, 26, 28]
38,8.5,3.5,0.5,1.0,True,[37, 48, 39, 28, 49, 29, 47, 27]
39,9.5,3.5,0.5,1.0,True,[38, 49, 29, 48, 28]
40,0.5,4.5,0.5,0.001,False,[]
41,1.5,4.5,0.5,0.001,False,[]
42,2.5,4.5,0.5,0.01765,False,[]
43,3.5,4.5,0.5,1.0,True,[143, 53, 33, 44, 153, 54, 34, 133, 144]
44,4.5,4.5,0.5,1.0,True,[144, 54, 45, 34, 43, 53, 35, 55, 154, 145]
45,5.5,4.5,0.5,1.0,True,[145, 55, 44, 35, 46, 34, 144, 54, 155, 56]
46,6.5,4.5,0.5,1.0,True,[36, 56, 47, 45, 57, 35, 55, 37, 145]
47,7.5,4.5,0.5,1.0,True,[37, 57, 46, 48, 56, 58, 36, 38]
48,8.5,4.5,0.5,1.0,True,[49, 58, 38, 47, 59, 39, 57, 37]
49,9.5,4.5,0.5,1.0,True,[39, 59, 48, 58, 38]
50,0.5,5.5,0.5,0.001,False,[]
51,1.5,5.5,0.5,0.001,False,[]
52,2.5,5.5,0.5,0.0176501552118,False,[]
53,3.5,5.5,0.5,1.0,True,[153, 43, 63, 54, 143, 44, 64, 163, 154]
54,4.5,5.5,0.5,1.0,True,[154, 55, 44, 64, 53, 144, 63, 45, 65, 155]
55,5.5,5.5,0.5,1.0,True,[155, 54, 45, 65, 56, 145, 46, 44, 64, 154]
56,6.5,5.5,0.5,1.0,True,[57, 46, 66, 55, 47, 65, 45, 67, 155]
57,7.5,5.5,0.5,1.0,True,[56, 47, 67, 58, 46, 48, 66, 68]
58,8.5,5.5,0.5,1.0,True,[59, 48, 68, 57, 49, 69, 47, 67]
59,9.5,5.5,0.5,1.0,True,[69, 49, 58, 48, 68]
60,0.5,6.5,0.5,0.001,False,[]
61,1.5,6.5,0.5,0.001,False,[]
62,2.5,6.5,0.5,0.00558320746073,False,[]
63,3.5,6.5,0.5,1.0,True,[163, 53, 64, 54, 153, 164]
64,4.5,6.5,0.5,1.0,True,[164, 65, 54, 63, 55, 165, 53, 154, 163]
65,5.5,6.5,0.5,1.0,True,[165, 64, 55, 66, 54, 164, 155, 56]
66,6.5,6.5,0.5,1.0,True,[56, 67, 65, 55, 57, 165]
67,7.5,6.5,0.5,1.0,True,[57, 66, 68, 56, 58]
68,8.5,6.5,0.5,1.0,True,[69, 58, 67, 59, 57]
69,9.5,6.5,0.5,1.0,True,[59, 68, 58]
70,0.5,7.5,0.5,0.001,False,[]
71,1.5,7.5,0.5,0.001,False,[]
72,2.5,7.5,0.5,0.001,False,[]
73,3.5,7.5,0.5,0.00558320746073,False,[]
74,4.5,7.5,0.5,0.0131616889958,False,[]
75,5.5,7.5,0.5,0.00364211007429,False,[]
76,6.5,7.5,0.5,0.001,False,[]
77,7.5,7.5,0.5,0.001,False,[]
78,8.5,7.5,0.5,0.001,False,[]
79,9.5,7.5,0.5,0.001,False,[]
80,0.5,8.5,0.5,0.001,False,[]
81,1.5,8.5,0.5,0.001,False,[]
82,2.5,8.5,0.5,0.001,False,[]
83,3.5,8.5,0.5,0.001,False,[]
84,4.5,8.5,0.5,0.001,False,[]
85,5.5,8.5,0.5,0.001,False,[]
86,6.5,8.5,0.5,0.001,False,[]
87,7.5,8.5,0.5,0.001,False,[]
88,8.5,8.5,0.5,0.001,False,[]
89,9.5,8.5,0.5,0.001,False,[]
90,0.5,9.5,0.5,0.001,False,[]
91,1.5,9.5,0.5,0.001,False,[]
92,2.5,9.5,0.5,0.001,False,[]
93,3.5,9.5,0.5,0.001,False,[]
94,4.5,9.5,0.5,0.001,False,[]
95,5.5,9.5,0.5,0.001,False,[]
96,6.5,9.5,0.5,0.001,False,[]
97,7.5,9.5,0.5,0.001,False,[]
98,8.5,9.5,0.5,0.001,False,[]
99,9.5,9.5,0.5,0.001,False,[]
100,0.5,0.5,1.5,0.001,False,[]
101,1.5,0.5,1.5,0.001,False,[]
102,2.5,0.5,1.5,0.001,False,[]
103,3.5,0.5,1.5,0.001,False,[]
104,4.5,0.5,1.5,0.001,False,[]
105,5.5,0.5,1.5,0.001,False,[]
106,6.5,0.5,1.5,0.001,False,[]
107,7.5,0.5,1.5,0.001,False,[]
108,8.5,0.5,1.5,0.001,False,[]
109,9.5,0.5,1.5,0.001,False,[]
110,0.5,1.5,1.5,0.001,False,[]
111,1.5,1.5,1.5,0.001,False,[]
112,2.5,1.5,1.5,0.001,False,[]
113,3.5,1.5,1.5,0.001,False,[]
114,4.5,1.5,1.5,0.001,False,[]
115,5.5,1.5,1.5,0.001,False,[]
116,6.5,1.5,1.5,0.001,False,[]
117,7.5,1.5,1.5,0.001,False,[]
118,8.5,1.5,1.5,0.001,False,[]
119,9.5,1.5,1.5,0.001,False,[]
120,0.5,2.5,1.5,0.001,False,[]
121,1.5,2.5,1.5,0.001,False,[]
122,2.5,2.5,1.5,0.001,False,[]
123,3.5,2.5,1.5,0.00444735206237,False,[]
124,4.5,2.5,1.5,0.01035543657,False,[]
125,5.5,2.5,1.5,0.00115242536589,False,[]
126,6.5,2.5,1.5,0.001,False,[]
127,7.5,2.5,1.5,0.001,False,[]
128,8.5,2.5,1.5,0.001,False,[]
129,9.5,2.5,1.5,0.001,False,[]
130,0.5,3.5,1.5,0.001,False,[]
131,1.5,3.5,1.5,0.001,False,[]
132,2.5,3.5,1.5,0.00444735206237,False,[]
133,3.5,3.5,1.5,0.253049935067,False,[134, 143, 233, 33, 243, 144, 34, 43, 234, 23]
134,4.5,3.5,1.5,0.636730505791,False,[133, 144, 234, 34, 145, 35, 244, 233, 143, 44]
135,5.5,3.5,1.5,0.0349333707311,False,[]
136,6.5,3.5,1.5,0.00115242536589,False,[]
137,7.5,3.5,1.5,0.001,False,[]
138,8.5,3.5,1.5,0.001,False,[]
139,9.5,3.5,1.5,0.001,False,[]
140,0.5,4.5,1.5,0.001,False,[]
141,1.5,4.5,1.5,0.001,False,[]
142,2.5,4.5,1.5,0.0153474877565,False,[]
143,3.5,4.5,1.5,0.97490449492,False,[144, 153, 133, 243, 43, 53, 233, 253, 154, 134]
144,4.5,4.5,1.5,0.994833059527,False,[143, 145, 134, 244, 154, 44, 45, 155, 254, 234]
145,5.5,4.5,1.5,0.944766886091,False,[245, 155, 144, 45, 154, 255, 44, 55, 134, 244]
146,6.5,4.5,1.5,0.0151260132429,False,[]
147,7.5,4.5,1.5,0.001,False,[]
148,8.5,4.5,1.5,0.001,False,[]
149,9.5,4.5,1.5,0.001,False,[]
150,0.5,5.5,1.5,0.001,False,[]
151,1.5,5.5,1.5,0.00100013303872,False,[]
152,2.5,5.5,1.5,0.0154318937311,False,[]
153,3.5,5.5,1.5,0.973428767287,False,[154, 143, 163, 253, 53, 43, 263, 243, 144, 164]
154,4.5,5.5,1.5,0.991509450952,False,[153, 144, 164, 254, 155, 54, 143, 145, 165, 255]
155,5.5,5.5,1.5,0.973599109227,False,[255, 154, 145, 165, 55, 54, 245, 144, 164, 254]
156,6.5,5.5,1.5,0.0235479410625,False,[]
157,7.5,5.5,1.5,0.0011034869142,False,[]
158,8.5,5.5,1.5,0.001,False,[]
159,9.5,5.5,1.5,0.001,False,[]
160,0.5,6.5,1.5,0.001,False,[]
161,1.5,6.5,1.5,0.001,False,[]
162,2.5,6.5,1.5,0.00297162442946,False,[]
163,3.5,6.5,1.5,0.152677279315,False,[164, 153, 263, 63, 253, 154, 264, 53, 64]
164,4.5,6.5,1.5,0.40355066236,False,[163, 165, 154, 264, 64, 65, 254, 155, 265, 263]
165,5.5,6.5,1.5,0.181235417676,False,[265, 164, 155, 65, 154, 264, 55, 64, 255, 66]
166,6.5,6.5,1.5,0.00353665948487,False,[]
167,7.5,6.5,1.5,0.001,False,[]
168,8.5,6.5,1.5,0.001,False,[]
169,9.5,6.5,1.5,0.001,False,[]
170,0.5,7.5,1.5,0.001,False,[]
171,1.5,7.5,1.5,0.001,False,[]
172,2.5,7.5,1.5,0.001,False,[]
173,3.5,7.5,1.5,0.00297149139074,False,[]
174,4.5,7.5,1.5,0.00678087952346,False,[]
175,5.5,7.5,1.5,0.00343317257067,False,[]
176,6.5,7.5,1.5,0.001,False,[]
177,7.5,7.5,1.5,0.001,False,[]
178,8.5,7.5,1.5,0.001,False,[]
179,9.5,7.5,1.5,0.001,False,[]
180,0.5,8.5,1.5,0.001,False,[]
181,1.5,8.5,1.5,0.001,False,[]
182,2.5,8.5,1.5,0.001,False,[]
183,3.5,8.5,1.5,0.001,False,[]
184,4.5,8.5,1.5,0.001,False,[]
185,5.5,8.5,1.5,0.001,False,[]
186,6.5,8.5,1.5,0.001,False,[]
187,7.5,8.5,1.5,0.001,False,[]
188,8.5,8.5,1.5,0.001,False,[]
189,9.5,8.5,1.5,0.001,False,[]
190,0.5,9.5,1.5,0.001,False,[]
191,1.5,9.5,1.5,0.001,False,[]
192,2.5,9.5,1.5,0.001,False,[]
193,3.5,9.5,1.5,0.001,False,[]
194,4.5,9.5,1.5,0.001,False,[]
195,5.5,9.5,1.5,0.001,False,[]
196,6.5,9.5,1.5,0.001,False,[]
197,7.5,9.5,1.5,0.001,False,[]
198,8.5,9.5,1.5,0.001,False,[]
199,9.5,9.5,1.5,0.001,False,[]
200,0.5,0.5,2.5,0.001,False,[]
201,1.5,0.5,2.5,0.001,False,[]
202,2.5,0.5,2.5,0.001,False,[]
203,3.5,0.5,2.5,0.001,False,[]
204,4.5,0.5,2.5,0.001,False,[]
205,5.5,0.5,2.5,0.001,False,[]
206,6.5,0.5,2.5,0.001,False,[]
207,7.5,0.5,2.5,0.001,False,[]
208,8.5,0.5,2.5,0.001,False,[]
209,9.5,0.5,2.5,0.001,False,[]
210,0.5,1.5,2.5,0.001,False,[]
211,1.5,1.5,2.5,0.001,False,[]
212,2.5,1.5,2.5,0.001,False,[]
213,3.5,1.5,2.5,0.001,False,[]
214,4.5,1.5,2.5,0.001,False,[]
215,5.5,1.5,2.5,0.001,False,[]
216,6.5,1.5,2.5,0.001,False,[]
217,7.5,1.5,2.5,0.001,False,[]
218,8.5,1.5,2.5,0.001,False,[]
219,9.5,1.5,2.5,0.001,False,[]
220,0.5,2.5,2.5,0.001,False,[]
221,1.5,2.5,2.5,0.001,False,[]
222,2.5,2.5,2.5,0.001,False,[]
223,3.5,2.5,2.5,0.004175209733,False,[]
224,4.5,2.5,2.5,0.00641584434575,False,[]
225,5.5,2.5,2.5,0.00179796888539,False,[]
226,6.5,2.5,2.5,0.001,False,[]
227,7.5,2.5,2.5,0.001,False,[]
228,8.5,2.5,2.5,0.001,False,[]
229,9.5,2.5,2.5,0.001,False,[]
230,0.5,3.5,2.5,0.001,False,[]
231,1.5,3.5,2.5,0.001,False,[]
232,2.5,3.5,2.5,0.00425113587937,False,[]
233,3.5,3.5,2.5,0.230570456316,False,[234, 333, 243, 133, 343, 334, 143, 244, 134]
234,4.5,3.5,2.5,0.378172831473,False,[233, 334, 244, 134, 335, 245, 344, 243, 333, 144]
235,5.5,3.5,2.5,0.073030497238,False,[]
236,6.5,3.5,2.5,0.00180001511395,False,[]
237,7.5,3.5,2.5,0.001,False,[]
238,8.5,3.5,2.5,0.001,False,[]
239,9.5,3.5,2.5,0.001,False,[]
240,0.5,4.5,2.5,0.001,False,[]
241,1.5,4.5,2.5,0.00107592614637,False,[]
242,2.5,4.5,2.5,0.0219385596287,False,[]
243,3.5,4.5,2.5,0.974708278737,False,[244, 253, 343, 233, 143, 153, 333, 353, 254, 342]
244,4.5,4.5,2.5,0.990987128905,False,[243, 245, 344, 234, 254, 144, 145, 255, 354, 334]
245,5.5,4.5,2.5,0.9720062095,False,[345, 255, 244, 145, 254, 355, 256, 144, 155, 344]
246,6.5,4.5,2.5,0.0171826637942,False,[]
247,7.5,4.5,2.5,0.00100204622856,False,[]
248,8.5,4.5,2.5,0.001,False,[]
249,9.5,4.5,2.5,0.001,False,[]
250,0.5,5.5,2.5,0.001,False,[]
251,1.5,5.5,2.5,0.00115195068164,False,[]
252,2.5,5.5,2.5,0.0273181015024,False,[]
253,3.5,5.5,2.5,0.973130152213,False,[254, 243, 353, 263, 153, 143, 363, 343, 244, 352]
254,4.5,5.5,2.5,0.989202546901,False,[253, 244, 354, 264, 255, 154, 243, 245, 355, 265]
255,5.5,5.5,2.5,0.97529359936,False,[256, 245, 355, 265, 254, 155, 145, 244, 354, 264]
256,6.5,5.5,2.5,0.127052869476,False,[356, 255, 355, 265, 245, 155]
257,7.5,5.5,2.5,0.00264105722223,False,[]
258,8.5,5.5,2.5,0.001,False,[]
259,9.5,5.5,2.5,0.001,False,[]
260,0.5,6.5,2.5,0.001,False,[]
261,1.5,6.5,2.5,0.001,False,[]
262,2.5,6.5,2.5,0.00267300935614,False,[]
263,3.5,6.5,2.5,0.119870833272,False,[264, 363, 253, 163, 353, 364, 153, 254, 164]
264,4.5,6.5,2.5,0.248658131836,False,[263, 265, 364, 254, 164, 165, 354, 365, 255, 253]
265,5.5,6.5,2.5,0.163882839552,False,[255, 264, 365, 165, 364, 254, 256, 164, 355, 155]
266,6.5,6.5,2.5,0.00483645650236,False,[]
267,7.5,6.5,2.5,0.001,False,[]
268,8.5,6.5,2.5,0.001,False,[]
269,9.5,6.5,2.5,0.001,False,[]
270,0.5,7.5,2.5,0.001,False,[]
271,1.5,7.5,2.5,0.001,False,[]
272,2.5,7.5,2.5,0.001,False,[]
273,3.5,7.5,2.5,0.00252105867449,False,[]
274,4.5,7.5,2.5,0.00447397547258,False,[]
275,5.5,7.5,2.5,0.00319539928013,False,[]
276,6.5,7.5,2.5,0.001,False,[]
277,7.5,7.5,2.5,0.001,False,[]
278,8.5,7.5,2.5,0.001,False,[]
279,9.5,7.5,2.5,0.001,False,[]
280,0.5,8.5,2.5,0.001,False,[]
281,1.5,8.5,2.5,0.001,False,[]
282,2.5,8.5,2.5,0.001,False,[]
283,3.5,8.5,2.5,0.001,False,[]
284,4.5,8.5,2.5,0.001,False,[]
285,5.5,8.5,2.5,0.001,False,[]
286,6.5,8.5,2.5,0.001,False,[]
287,7.5,8.5,2.5,0.001,False,[]
288,8.5,8.5,2.5,0.001,False,[]
289,9.5,8.5,2.5,0.001,False,[]
290,0.5,9.5,2.5,0.001,False,[]
291,1.5,9.5,2.5,0.001,False,[]
292,2.5,9.5,2.5,0.001,False,[]
293,3.5,9.5,2.5,0.001,False,[]
294,4.5,9.5,2.5,0.001,False,[]
295,5.5,9.5,2.5,0.001,False,[]
296,6.5,9.5,2.5,0.001,False,[]
297,7.5,9.5,2.5,0.001,False,[]
298,8.5,9.5,2.5,0.001,False,[]
299,9.5,9.5,2.5,0.001,False,[]
300,0.5,0.5,3.5,0.001,False,[]
301,1.5,0.5,3.5,0.001,False,[]
302,2.5,0.5,3.5,0.001,False,[]
303,3.5,0.5,3.5,0.001,False,[]
304,4.5,0.5,3.5,0.001,False,[]
305,5.5,0.5,3.5,0.001,False,[]
306,6.5,0.5,3.5,0.001,False,[]
307,7.5,0.5,3.5,0.001,False,[]
308,8.5,0.5,3.5,0.001,False,[]
309,9.5,0.5,3.5,0.001,False,[]
310,0.5,1.5,3.5,0.001,False,[]
311,1.5,1.5,3.5,0.001,False,[]
312,2.5,1.5,3.5,0.001,False,[]
313,3.5,1.5,3.5,0.001,False,[]
314,4.5,1.5,3.5,0.001,False,[]
315,5.5,1.5,3.5,0.001,False,[]
316,6.5,1.5,3.5,0.001,False,[]
317,7.5,1.5,3.5,0.001,False,[]
318,8.5,1.5,3.5,0.001,False,[]
319,9.5,1.5,3.5,0.001,False,[]
320,0.5,2.5,3.5,0.001,False,[]
321,1.5,2.5,3.5,0.001,False,[]
322,2.5,2.5,3.5,0.001,False,[]
323,3.5,2.5,3.5,0.00422240842434,False,[]
324,4.5,2.5,3.5,0.00395874958526,False,[]
325,5.5,2.5,3.5,0.00212079028991,False,[]
326,6.5,2.5,3.5,0.001,False,[]
327,7.5,2.5,3.5,0.001,False,[]
328,8.5,2.5,3.5,0.001,False,[]
329,9.5,2.5,3.5,0.001,False,[]
330,0.5,3.5,3.5,0.001,False,[]
331,1.5,3.5,3.5,0.001,False,[]
332,2.5,3.5,3.5,0.00587831543196,False,[]
333,3.5,3.5,3.5,0.231196037524,False,[433, 343, 233, 334, 342, 243, 443, 344, 234, 434]
334,4.5,3.5,3.5,0.215454414154,False,[434, 335, 344, 234, 333, 244, 444, 345, 435, 233]
335,5.5,3.5,3.5,0.0934629862501,False,[345, 334, 435, 245, 344, 234, 434, 445]
336,6.5,3.5,3.5,0.00226000966258,False,[]
337,7.5,3.5,3.5,0.001,False,[]
338,8.5,3.5,3.5,0.001,False,[]
339,9.5,3.5,3.5,0.001,False,[]
340,0.5,4.5,3.5,0.001,False,[]
341,1.5,4.5,3.5,0.00265590700761,False,[]
342,2.5,4.5,3.5,0.131020994352,False,[343, 352, 442, 333, 353, 452, 243, 443]
343,3.5,4.5,3.5,0.97617817142,False,[443, 333, 342, 243, 353, 344, 442, 352, 253, 453]
344,4.5,4.5,3.5,0.973267007835,False,[444, 345, 334, 244, 354, 343, 234, 355, 254, 454]
345,5.5,4.5,3.5,0.97255986565,False,[245, 355, 344, 335, 445, 334, 244, 354, 255, 455]
346,6.5,4.5,3.5,0.0335953840484,False,[]
347,7.5,4.5,3.5,0.00113921937268,False,[]
348,8.5,4.5,3.5,0.001,False,[]
349,9.5,4.5,3.5,0.001,False,[]
350,0.5,5.5,3.5,0.001,False,[]
351,1.5,5.5,3.5,0.00324577012069,False,[]
352,2.5,5.5,3.5,0.168462786068,False,[353, 342, 452, 363, 343, 442, 253, 453]
353,3.5,5.5,3.5,0.975509095647,False,[453, 363, 352, 253, 343, 354, 452, 342, 243, 443]
354,4.5,5.5,3.5,0.981186520165,False,[454, 344, 364, 254, 355, 353, 343, 345, 255, 365]
355,5.5,5.5,3.5,0.980304097405,False,[455, 345, 255, 365, 354, 356, 265, 344, 364, 254]
356,6.5,5.5,3.5,0.454654894842,False,[456, 256, 355, 255, 446, 345, 365, 455]
357,7.5,5.5,3.5,0.00764824553875,False,[]
358,8.5,5.5,3.5,0.001,False,[]
359,9.5,5.5,3.5,0.001,False,[]
360,0.5,6.5,3.5,0.001,False,[]
361,1.5,6.5,3.5,0.001,False,[]
362,2.5,6.5,3.5,0.00505195279034,False,[]
363,3.5,6.5,3.5,0.136121500697,False,[463, 353, 263, 364, 352, 253, 453, 354, 264]
364,4.5,6.5,3.5,0.122620484504,False,[264, 365, 354, 363, 355, 265, 465, 353, 254, 454]
365,5.5,6.5,3.5,0.162145979784,False,[265, 364, 355, 465, 354, 264, 455, 255, 356]
366,6.5,6.5,3.5,0.00984695454767,False,[]
367,7.5,6.5,3.5,0.001,False,[]
368,8.5,6.5,3.5,0.001,False,[]
369,9.5,6.5,3.5,0.001,False,[]
370,0.5,7.5,3.5,0.001,False,[]
371,1.5,7.5,3.5,0.001,False,[]
372,2.5,7.5,3.5,0.001,False,[]
373,3.5,7.5,3.5,0.00280618266966,False,[]
374,4.5,7.5,3.5,0.0025549355414,False,[]
375,5.5,7.5,3.5,0.00319870900891,False,[]
376,6.5,7.5,3.5,0.001,False,[]
377,7.5,7.5,3.5,0.001,False,[]
378,8.5,7.5,3.5,0.001,False,[]
379,9.5,7.5,3.5,0.001,False,[]
380,0.5,8.5,3.5,0.001,False,[]
381,1.5,8.5,3.5,0.001,False,[]
382,2.5,8.5,3.5,0.001,False,[]
383,3.5,8.5,3.5,0.001,False,[]
384,4.5,8.5,3.5,0.001,False,[]
385,5.5,8.5,3.5,0.001,False,[]
386,6.5,8.5,3.5,0.001,False,[]
387,7.5,8.5,3.5,0.001,False,[]
388,8.5,8.5,3.5,0.001,False,[]
389,9.5,8.5,3.5,0.001,False,[]
390,0.5,9.5,3.5,0.001,False,[]
391,1.5,9.5,3.5,0.001,False,[]
392,2.5,9.5,3.5,0.001,False,[]
393,3.5,9.5,3.5,0.001,False,[]
394,4.5,9.5,3.5,0.001,False,[]
395,5.5,9.5,3.5,0.001,False,[]
396,6.5,9.5,3.5,0.001,False,[]
397,7.5,9.5,3.5,0.001,False,[]
398,8.5,9.5,3.5,0.001,False,[]
399,9.5,9.5,3.5,0.001,False,[]
400,0.5,0.5,4.5,0.001,False,[]
401,1.5,0.5,4.5,0.001,False,[]
402,2.5,0.5,4.5,0.001,False,[]
403,3.5,0.5,4.5,0.001,False,[]
404,4.5,0.5,4.5,0.001,False,[]
405,5.5,0.5,4.5,0.001,False,[]
406,6.5,0.5,4.5,0.001,False,[]
407,7.5,0.5,4.5,0.001,False,[]
408,8.5,0.5,4.5,0.001,False,[]
409,9.5,0.5,4.5,0.001,False,[]
410,0.5,1.5,4.5,0.001,False,[]
411,1.5,1.5,4.5,0.001,False,[]
412,2.5,1.5,4.5,0.001,False,[]
413,3.5,1.5,4.5,0.001,False,[]
414,4.5,1.5,4.5,0.001,False,[]
415,5.5,1.5,4.5,0.001,False,[]
416,6.5,1.5,4.5,0.001,False,[]
417,7.5,1.5,4.5,0.001,False,[]
418,8.5,1.5,4.5,0.001,False,[]
419,9.5,1.5,4.5,0.001,False,[]
420,0.5,2.5,4.5,0.001,False,[]
421,1.5,2.5,4.5,0.001,False,[]
422,2.5,2.5,4.5,0.001,False,[]
423,3.5,2.5,4.5,0.00455651047631,False,[]
424,4.5,2.5,4.5,0.00222125593534,False,[]
425,5.5,2.5,4.5,0.00370426065405,False,[]
426,6.5,2.5,4.5,0.001,False,[]
427,7.5,2.5,4.5,0.001,False,[]
428,8.5,2.5,4.5,0.001,False,[]
429,9.5,2.5,4.5,0.001,False,[]
430,0.5,3.5,4.5,0.001,False,[]
431,1.5,3.5,4.5,0.001,False,[]
432,2.5,3.5,4.5,0.0120235425645,False,[]
433,3.5,3.5,4.5,0.251680842792,False,[434, 533, 443, 333, 543, 343, 442, 444, 334]
434,4.5,3.5,4.5,0.0973647445953,False,[433, 435, 444, 334, 535, 544, 533, 445, 443, 335]
435,5.5,3.5,4.5,0.195152320837,False,[445, 535, 434, 335, 545, 334, 444, 446, 345]
436,6.5,3.5,4.5,0.00646951989499,False,[]
437,7.5,3.5,4.5,0.001,False,[]
438,8.5,3.5,4.5,0.001,False,[]
439,9.5,3.5,4.5,0.001,False,[]
440,0.5,4.5,4.5,0.001,False,[]
441,1.5,4.5,4.5,0.00844982102601,False,[]
442,2.5,4.5,4.5,0.513424911786,False,[443, 542, 452, 342, 552, 543, 352, 453, 433, 343]
443,3.5,4.5,4.5,0.977109520824,False,[444, 453, 433, 442, 543, 343, 353, 553, 542, 533]
444,4.5,4.5,4.5,0.626224328004,False,[443, 454, 445, 434, 544, 344, 453, 545, 554, 455]
445,5.5,4.5,4.5,0.971571073835,False,[446, 455, 444, 435, 545, 345, 355, 555, 544, 454]
446,6.5,4.5,4.5,0.213829459056,False,[456, 546, 445, 455, 556, 356, 545, 435, 345]
447,7.5,4.5,4.5,0.00376362385837,False,[]
448,8.5,4.5,4.5,0.001,False,[]
449,9.5,4.5,4.5,0.001,False,[]
450,0.5,5.5,4.5,0.001,False,[]
451,1.5,5.5,4.5,0.00865421208359,False,[]
452,2.5,5.5,4.5,0.527009411303,False,[453, 552, 442, 352, 542, 553, 342, 443, 463, 353]
453,3.5,5.5,4.5,0.975350042056,False,[454, 443, 463, 452, 553, 353, 343, 543, 563, 552]
454,4.5,5.5,4.5,0.588466787195,False,[453, 554, 455, 444, 354, 553, 465, 445, 555, 544]
455,5.5,5.5,4.5,0.980039757937,False,[456, 454, 445, 465, 555, 355, 354, 545, 554, 444]
456,6.5,5.5,4.5,0.813801962927,False,[455, 556, 446, 356, 546, 445, 555, 465, 355]
457,7.5,5.5,4.5,0.0131154751957,False,[]
458,8.5,5.5,4.5,0.001,False,[]
459,9.5,5.5,4.5,0.001,False,[]
460,0.5,6.5,4.5,0.001,False,[]
461,1.5,6.5,4.5,0.001,False,[]
462,2.5,6.5,4.5,0.0108414781359,False,[]
463,3.5,6.5,4.5,0.159836512168,False,[453, 563, 363, 454, 553, 353, 452, 364]
464,4.5,6.5,4.5,0.0381535188016,False,[]
465,5.5,6.5,4.5,0.175151413536,False,[455, 565, 365, 364, 555, 456, 454, 355]
466,6.5,6.5,4.5,0.0156252509455,False,[]
467,7.5,6.5,4.5,0.001,False,[]
468,8.5,6.5,4.5,0.001,False,[]
469,9.5,6.5,4.5,0.001,False,[]
470,0.5,7.5,4.5,0.001,False,[]
471,1.5,7.5,4.5,0.001,False,[]
472,2.5,7.5,4.5,0.001,False,[]
473,3.5,7.5,4.5,0.00317838705157,False,[]
474,4.5,7.5,4.5,0.00135431413219,False,[]
475,5.5,7.5,4.5,0.00340683982046,False,[]
476,6.5,7.5,4.5,0.001,False,[]
477,7.5,7.5,4.5,0.001,False,[]
478,8.5,7.5,4.5,0.001,False,[]
479,9.5,7.5,4.5,0.001,False,[]
480,0.5,8.5,4.5,0.001,False,[]
481,1.5,8.5,4.5,0.001,False,[]
482,2.5,8.5,4.5,0.001,False,[]
483,3.5,8.5,4.5,0.001,False,[]
484,4.5,8.5,4.5,0.001,False,[]
485,5.5,8.5,4.5,0.001,False,[]
486,6.5,8.5,4.5,0.001,False,[]
487,7.5,8.5,4.5,0.001,False,[]
488,8.5,8.5,4.5,0.001,False,[]
489,9.5,8.5,4.5,0.001,False,[]
490,0.5,9.5,4.5,0.001,False,[]
491,1.5,9.5,4.5,0.001,False,[]
492,2.5,9.5,4.5,0.001,False,[]
493,3.5,9.5,4.5,0.001,False,[]
494,4.5,9.5,4.5,0.001,False,[]
495,5.5,9.5,4.5,0.001,False,[]
496,6.5,9.5,4.5,0.001,False,[]
497,7.5,9.5,4.5,0.001,False,[]
498,8.5,9.5,4.5,0.001,False,[]
499,9.5,9.5,4.5,0.001,False,[]
500,0.5,0.5,5.5,0.001,False,[]
501,1.5,0.5,5.5,0.001,False,[]
502,2.5,0.5,5.5,0.001,False,[]
503,3.5,0.5,5.5,0.001,False,[]
504,4.5,0.5,5.5,0.001,False,[]
505,5.5,0.5,5.5,0.001,False,[]
506,6.5,0.5,5.5,0.001,False,[]
507,7.5,0.5,5.5,0.001,False,[]
508,8.5,0.5,5.5,0.001,False,[]
509,9.5,0.5,5.5,0.001,False,[]
510,0.5,1.5,5.5,0.001,False,[]
511,1.5,1.5,5.5,0.001,False,[]
512,2.5,1.5,5.5,0.001,False,[]
513,3.5,1.5,5.5,0.001,False,[]
514,4.5,1.5,5.5,0.001,False,[]
515,5.5,1.5,5.5,0.001,False,[]
516,6.5,1.5,5.5,0.001,False,[]
517,7.5,1.5,5.5,0.001,False,[]
518,8.5,1.5,5.5,0.001,False,[]
519,9.5,1.5,5.5,0.001,False,[]
520,0.5,2.5,5.5,0.001,False,[]
521,1.5,2.5,5.5,0.001,False,[]
522,2.5,2.5,5.5,0.00101721106219,False,[]
523,3.5,2.5,5.5,0.00534907937779,False,[]
524,4.5,2.5,5.5,0.00106736898134,False,[]
525,5.5,2.5,5.5,0.00546616418157,False,[]
526,6.5,2.5,5.5,0.00100163538258,False,[]
527,7.5,2.5,5.5,0.001,False,[]
528,8.5,2.5,5.5,0.001,False,[]
529,9.5,2.5,5.5,0.001,False,[]
530,0.5,3.5,5.5,0.001,False,[]
531,1.5,3.5,5.5,0.00101721106219,False,[]
532,2.5,3.5,5.5,0.0205547829321,False,[]
533,3.5,3.5,5.5,0.302675814756,False,[543, 433, 633, 643, 443, 434, 544, 542, 632]
534,4.5,3.5,5.5,0.0176467431421,False,[]
535,5.5,3.5,5.5,0.310193761662,False,[545, 435, 635, 645, 434, 544, 445, 546, 636]
536,6.5,3.5,5.5,0.016243230886,False,[]
537,7.5,3.5,5.5,0.00100163538258,False,[]
538,8.5,3.5,5.5,0.001,False,[]
539,9.5,3.5,5.5,0.001,False,[]
540,0.5,4.5,5.5,0.001,False,[]
541,1.5,4.5,5.5,0.0130775935541,False,[]
542,2.5,4.5,5.5,0.8204557976,False,[543, 442, 552, 642, 452, 443, 533, 553, 652, 643]
543,3.5,4.5,5.5,0.975339297716,False,[643, 553, 542, 533, 443, 544, 554, 453, 433, 442]
544,4.5,4.5,5.5,0.188294114858,False,[554, 444, 545, 543, 555, 445, 454, 434, 553, 443]
545,5.5,4.5,5.5,0.97225919233,False,[645, 544, 445, 535, 555, 546, 435, 554, 455, 444]
546,6.5,4.5,5.5,0.649245425699,False,[646, 556, 446, 545, 456, 656, 636, 555, 535, 445]
547,7.5,4.5,5.5,0.0104398628977,False,[]
548,8.5,4.5,5.5,0.001,False,[]
549,9.5,4.5,5.5,0.001,False,[]
550,0.5,5.5,5.5,0.001,False,[]
551,1.5,5.5,5.5,0.0131975884669,False,[]
552,2.5,5.5,5.5,0.828067304859,False,[553, 542, 452, 652, 442, 543, 642, 563, 453, 662]
553,3.5,5.5,5.5,0.974010599036,False,[653, 453, 563, 552, 543, 554, 454, 443, 542, 643]
554,4.5,5.5,5.5,0.178293546894,False,[454, 555, 544, 553, 545, 455, 444, 565, 655, 453]
555,5.5,5.5,5.5,0.975026754035,False,[655, 554, 455, 565, 545, 556, 465, 544, 454, 445]
556,6.5,5.5,5.5,0.929649457598,False,[656, 546, 456, 555, 446, 646, 666, 545, 565, 455]
557,7.5,5.5,5.5,0.0147717706687,False,[]
558,8.5,5.5,5.5,0.001,False,[]
559,9.5,5.5,5.5,0.001,False,[]
560,0.5,6.5,5.5,0.001,False,[]
561,1.5,6.5,5.5,0.00100887900076,False,[]
562,2.5,6.5,5.5,0.0185670564027,False,[]
563,3.5,6.5,5.5,0.213111165465,False,[553, 463, 663, 662, 453, 653, 552, 554]
564,4.5,6.5,5.5,0.0101349132963,False,[]
565,5.5,6.5,5.5,0.232244983204,False,[555, 465, 665, 655, 554, 455, 556, 666]
566,6.5,6.5,5.5,0.0293292181096,False,[]
567,7.5,6.5,5.5,0.00110293592937,False,[]
568,8.5,6.5,5.5,0.001,False,[]
569,9.5,6.5,5.5,0.001,False,[]
570,0.5,7.5,5.5,0.001,False,[]
571,1.5,7.5,5.5,0.001,False,[]
572,2.5,7.5,5.5,0.00100887900076,False,[]
573,3.5,7.5,5.5,0.00398781549372,False,[]
574,4.5,7.5,5.5,0.00100552329254,False,[]
575,5.5,7.5,5.5,0.00428921331391,False,[]
576,6.5,7.5,5.5,0.00110293592937,False,[]
577,7.5,7.5,5.5,0.001,False,[]
578,8.5,7.5,5.5,0.001,False,[]
579,9.5,7.5,5.5,0.001,False,[]
580,0.5,8.5,5.5,0.001,False,[]
581,1.5,8.5,5.5,0.001,False,[]
582,2.5,8.5,5.5,0.001,False,[]
583,3.5,8.5,5.5,0.001,False,[]
584,4.5,8.5,5.5,0.001,False,[]
585,5.5,8.5,5.5,0.001,False,[]
586,6.5,8.5,5.5,0.001,False,[]
587,7.5,8.5,5.5,0.001,False,[]
588,8.5,8.5,5.5,0.001,False,[]
589,9.5,8.5,5.5,0.001,False,[]
590,0.5,9.5,5.5,0.001,False,[]
591,1.5,9.5,5.5,0.001,False,[]
592,2.5,9.5,5.5,0.001,False,[]
593,3.5,9.5,5.5,0.001,False,[]
594,4.5,9.5,5.5,0.001,False,[]
595,5.5,9.5,5.5,0.001,False,[]
596,6.5,9.5,5.5,0.001,False,[]
597,7.5,9.5,5.5,0.001,False,[]
598,8.5,9.5,5.5,0.001,False,[]
599,9.5,9.5,5.5,0.001,False,[]
600,0.5,0.5,6.5,0.001,False,[]
601,1.5,0.5,6.5,0.001,False,[]
602,2.5,0.5,6.5,0.001,False,[]
603,3.5,0.5,6.5,0.001,False,[]
604,4.5,0.5,6.5,0.001,False,[]
605,5.5,0.5,6.5,0.001,False,[]
606,6.5,0.5,6.5,0.001,False,[]
607,7.5,0.5,6.5,0.001,False,[]
608,8.5,0.5,6.5,0.001,False,[]
609,9.5,0.5,6.5,0.001,False,[]
610,0.5,1.5,6.5,0.001,False,[]
611,1.5,1.5,6.5,0.001,False,[]
612,2.5,1.5,6.5,0.001,False,[]
613,3.5,1.5,6.5,0.001,False,[]
614,4.5,1.5,6.5,0.001,False,[]
615,5.5,1.5,6.5,0.001,False,[]
616,6.5,1.5,6.5,0.001,False,[]
617,7.5,1.5,6.5,0.001,False,[]
618,8.5,1.5,6.5,0.001,False,[]
619,9.5,1.5,6.5,0.001,False,[]
620,0.5,2.5,6.5,0.001,False,[]
621,1.5,2.5,6.5,0.001,False,[]
622,2.5,2.5,6.5,0.00304937711558,False,[]
623,3.5,2.5,6.5,0.00642221548593,False,[]
624,4.5,2.5,6.5,0.0010026865876,False,[]
625,5.5,2.5,6.5,0.00731456045235,False,[]
626,6.5,2.5,6.5,0.00224099323799,False,[]
627,7.5,2.5,6.5,0.001,False,[]
628,8.5,2.5,6.5,0.001,False,[]
629,9.5,2.5,6.5,0.001,False,[]
630,0.5,3.5,6.5,0.001,False,[]
631,1.5,3.5,6.5,0.00308320414767,False,[]
632,2.5,3.5,6.5,0.16243204392,False,[642, 732, 633, 542, 742, 643, 533]
633,3.5,3.5,6.5,0.368936866505,False,[632, 643, 533, 734, 743, 732, 642, 543]
634,4.5,3.5,6.5,0.0200268705625,False,[]
635,5.5,3.5,6.5,0.425524168341,False,[636, 735, 645, 535, 734, 745, 736, 646, 545]
636,6.5,3.5,6.5,0.11175430633,False,[646, 736, 635, 645, 746, 546, 735, 535]
637,7.5,3.5,6.5,0.00225603957281,False,[]
638,8.5,3.5,6.5,0.001,False,[]
639,9.5,3.5,6.5,0.001,False,[]
640,0.5,4.5,6.5,0.00102657094499,False,[]
641,1.5,4.5,6.5,0.0186796101999,False,[]
642,2.5,4.5,6.5,0.955329444399,False,[632, 652, 742, 643, 542, 552, 633, 752, 653, 743]
643,3.5,4.5,6.5,0.932812094733,False,[633, 653, 743, 642, 543, 553, 742, 753, 652, 632]
644,4.5,4.5,6.5,0.0838971285189,False,[]
645,5.5,4.5,6.5,0.893475625263,False,[646, 655, 745, 635, 545, 555, 744, 755, 656, 544]
646,6.5,4.5,6.5,0.940724399583,False,[645, 656, 746, 636, 546, 655, 556, 756, 747, 736]
647,7.5,4.5,6.5,0.0171700528016,False,[]
648,8.5,4.5,6.5,0.00100845391656,False,[]
649,9.5,4.5,6.5,0.001,False,[]
650,0.5,5.5,6.5,0.00102889860369,False,[]
651,1.5,5.5,6.5,0.0189607935621,False,[]
652,2.5,5.5,6.5,0.954135658911,False,[653, 642, 752, 662, 552, 542, 753, 742, 643, 762]
653,3.5,5.5,6.5,0.935254442678,False,[652, 643, 753, 663, 553, 543, 752, 743, 642, 662]
654,4.5,5.5,6.5,0.0734732680827,False,[]
655,5.5,5.5,6.5,0.877876310339,False,[656, 645, 755, 665, 555, 545, 754, 745, 646, 554]
656,6.5,5.5,6.5,0.964091874461,False,[655, 646, 756, 666, 556, 645, 546, 746, 757, 766]
657,7.5,5.5,6.5,0.0201958896647,False,[]
658,8.5,5.5,6.5,0.00104351823239,False,[]
659,9.5,5.5,6.5,0.001,False,[]
660,0.5,6.5,6.5,0.001,False,[]
661,1.5,6.5,6.5,0.00287317780754,False,[]
662,2.5,6.5,6.5,0.147906497522,False,[663, 762, 652, 563, 653, 752, 552]
663,3.5,6.5,6.5,0.303557826933,False,[653, 662, 563, 764, 753, 762, 652, 553]
664,4.5,6.5,6.5,0.0154651277431,False,[]
665,5.5,6.5,6.5,0.275244135686,False,[666, 655, 565, 656, 764, 755, 766, 555]
666,6.5,6.5,6.5,0.333452518388,False,[656, 766, 665, 655, 756, 556, 565]
667,7.5,6.5,6.5,0.00578825653617,False,[]
668,8.5,6.5,6.5,0.001,False,[]
669,9.5,6.5,6.5,0.001,False,[]
670,0.5,7.5,6.5,0.001,False,[]
671,1.5,7.5,6.5,0.001,False,[]
672,2.5,7.5,6.5,0.00283816662506,False,[]
673,3.5,7.5,6.5,0.00542675595081,False,[]
674,4.5,7.5,6.5,0.001,False,[]
675,5.5,7.5,6.5,0.00494860349973,False,[]
676,6.5,7.5,6.5,0.00572385287944,False,[]
677,7.5,7.5,6.5,0.001,False,[]
678,8.5,7.5,6.5,0.001,False,[]
679,9.5,7.5,6.5,0.001,False,[]
680,0.5,8.5,6.5,0.001,False,[]
681,1.5,8.5,6.5,0.001,False,[]
682,2.5,8.5,6.5,0.001,False,[]
683,3.5,8.5,6.5,0.001,False,[]
684,4.5,8.5,6.5,0.001,False,[]
685,5.5,8.5,6.5,0.001,False,[]
686,6.5,8.5,6.5,0.001,False,[]
687,7.5,8.5,6.5,0.001,False,[]
688,8.5,8.5,6.5,0.001,False,[]
689,9.5,8.5,6.5,0.001,False,[]
690,0.5,9.5,6.5,0.001,False,[]
691,1.5,9.5,6.5,0.001,False,[]
692,2.5,9.5,6.5,0.001,False,[]
693,3.5,9.5,6.5,0.001,False,[]
694,4.5,9.5,6.5,0.001,False,[]
695,5.5,9.5,6.5,0.001,False,[]
696,6.5,9.5,6.5,0.001,False,[]
697,7.5,9.5,6.5,0.001,False,[]
698,8.5,9.5,6.5,0.001,False,[]
699,9.5,9.5,6.5,0.001,False,[]
700,0.5,0.5,7.5,0.001,False,[]
701,1.5,0.5,7.5,0.001,False,[]
702,2.5,0.5,7.5,0.001,False,[]
703,3.5,0.5,7.5,0.001,False,[]
704,4.5,0.5,7.5,0.001,False,[]
705,5.5,0.5,7.5,0.001,False,[]
706,6.5,0.5,7.5,0.001,False,[]
707,7.5,0.5,7.5,0.001,False,[]
708,8.5,0.5,7.5,0.001,False,[]
709,9.5,0.5,7.5,0.001,False,[]
710,0.5,1.5,7.5,0.001,False,[]
711,1.5,1.5,7.5,0.001,False,[]
712,2.5,1.5,7.5,0.001,False,[]
713,3.5,1.5,7.5,0.001,False,[]
714,4.5,1.5,7.5,0.001,False,[]
715,5.5,1.5,7.5,0.001,False,[]
716,6.5,1.5,7.5,0.001,False,[]
717,7.5,1.5,7.5,0.001,False,[]
718,8.5,1.5,7.5,0.001,False,[]
719,9.5,1.5,7.5,0.001,False,[]
720,0.5,2.5,7.5,0.001,False,[]
721,1.5,2.5,7.5,0.00101105193639,False,[]
722,2.5,2.5,7.5,0.0117963446094,False,[]
723,3.5,2.5,7.5,0.00178876041285,False,[]
724,4.5,2.5,7.5,0.00737475423918,False,[]
725,5.5,2.5,7.5,0.00253106418532,False,[]
726,6.5,2.5,7.5,0.0121442326085,False,[]
727,7.5,2.5,7.5,0.00100659241826,False,[]
728,8.5,2.5,7.5,0.001,False,[]
729,9.5,2.5,7.5,0.001,False,[]
730,0.5,3.5,7.5,0.00101289392579,False,[]
731,1.5,3.5,7.5,0.0216337796134,False,[]
732,2.5,3.5,7.5,0.721560154193,False,[742, 632, 832, 842, 743, 633, 642, 741, 831]
733,3.5,3.5,7.5,0.0796413739819,False,[]
734,4.5,3.5,7.5,0.431238503886,False,[744, 735, 834, 844, 635, 745, 743, 633]
735,5.5,3.5,7.5,0.125762263671,False,[745, 734, 635, 736, 744, 834, 746, 645, 636, 836]
736,6.5,3.5,7.5,0.744020112381,False,[836, 636, 746, 735, 747, 646, 846, 635, 837, 745]
737,7.5,3.5,7.5,0.0206992210264,False,[]
738,8.5,3.5,7.5,0.00100659241826,False,[]
739,9.5,3.5,7.5,0.001,False,[]
740,0.5,4.5,7.5,0.0035212792232,False,[]
741,1.5,4.5,7.5,0.163541557635,False,[841, 751, 742, 732, 851, 752, 642, 831, 842]
742,2.5,4.5,7.5,0.964559836285,False,[842, 743, 732, 642, 752, 741, 632, 652, 753, 852]
743,3.5,4.5,7.5,0.378412086708,False,[643, 753, 742, 744, 752, 653, 754, 842, 732, 642]
744,4.5,4.5,7.5,0.672746184473,False,[844, 745, 754, 734, 743, 854, 834, 755, 735, 645]
745,5.5,4.5,7.5,0.21561950073,False,[645, 755, 744, 735, 746, 734, 844, 754, 655, 756]
746,6.5,4.5,7.5,0.95679050263,False,[846, 747, 736, 646, 756, 745, 836, 656, 757, 856]
747,7.5,4.5,7.5,0.135901426124,False,[746, 757, 847, 646, 756, 857, 837, 736, 846]
748,8.5,4.5,7.5,0.00271517325367,False,[]
749,9.5,4.5,7.5,0.001,False,[]
750,0.5,5.5,7.5,0.00372431126726,False,[]
751,1.5,5.5,7.5,0.174848445342,False,[851, 741, 752, 861, 841, 742, 762, 652, 852]
752,2.5,5.5,7.5,0.964943606667,False,[852, 652, 753, 762, 742, 751, 662, 743, 642, 842]
753,3.5,5.5,7.5,0.366732708746,False,[653, 743, 752, 754, 742, 643, 744, 852, 762, 663]
754,4.5,5.5,7.5,0.682888877038,False,[854, 755, 744, 764, 753, 844, 864, 745, 655, 743]
755,5.5,5.5,7.5,0.195001851493,False,[655, 745, 754, 756, 744, 645, 746, 656, 764, 854]
756,6.5,5.5,7.5,0.959459382783,False,[856, 656, 757, 766, 746, 755, 655, 747, 646, 846]
757,7.5,5.5,7.5,0.169717601021,False,[756, 747, 857, 656, 746, 847, 867, 766, 856]
758,8.5,5.5,7.5,0.00328221587772,False,[]
759,9.5,5.5,7.5,0.001,False,[]
760,0.5,6.5,7.5,0.00101194777588,False,[]
761,1.5,6.5,7.5,0.0217256496056,False,[]
762,2.5,6.5,7.5,0.722140744108,False,[662, 752, 862, 751, 753, 663, 652, 852, 861]
763,3.5,6.5,7.5,0.0677414112464,False,[]
764,4.5,6.5,7.5,0.378518092473,False,[754, 864, 854, 753, 755, 665, 663]
765,5.5,6.5,7.5,0.0619542605021,False,[]
766,6.5,6.5,7.5,0.798396068399,False,[666, 756, 866, 755, 757, 656, 867, 856, 665]
767,7.5,6.5,7.5,0.0240409682079,False,[]
768,8.5,6.5,7.5,0.00102088542433,False,[]
769,9.5,6.5,7.5,0.001,False,[]
770,0.5,7.5,7.5,0.001,False,[]
771,1.5,7.5,7.5,0.00101024095075,False,[]
772,2.5,7.5,7.5,0.0118105988741,False,[]
773,3.5,7.5,7.5,0.00163386400335,False,[]
774,4.5,7.5,7.5,0.0065718459837,False,[]
775,5.5,7.5,7.5,0.00157552257298,False,[]
776,6.5,7.5,7.5,0.0129543416776,False,[]
777,7.5,7.5,7.5,0.00102088542433,False,[]
778,8.5,7.5,7.5,0.001,False,[]
779,9.5,7.5,7.5,0.001,False,[]
780,0.5,8.5,7.5,0.001,False,[]
781,1.5,8.5,7.5,0.001,False,[]
782,2.5,8.5,7.5,0.001,False,[]
783,3.5,8.5,7.5,0.001,False,[]
784,4.5,8.5,7.5,0.001,False,[]
785,5.5,8.5,7.5,0.001,False,[]
786,6.5,8.5,7.5,0.001,False,[]
787,7.5,8.5,7.5,0.001,False,[]
788,8.5,8.5,7.5,0.001,False,[]
789,9.5,8.5,7.5,0.001,False,[]
790,0.5,9.5,7.5,0.001,False,[]
791,1.5,9.5,7.5,0.001,False,[]
792,2.5,9.5,7.5,0.001,False,[]
793,3.5,9.5,7.5,0.001,False,[]
794,4.5,9.5,7.5,0.001,False,[]
795,5.5,9.5,7.5,0.001,False,[]
796,6.5,9.5,7.5,0.001,False,[]
797,7.5,9.5,7.5,0.001,False,[]
798,8.5,9.5,7.5,0.001,False,[]
799,9.5,9.5,7.5,0.001,False,[]
800,0.5,0.5,8.5,0.001,False,[]
801,1.5,0.5,8.5,0.001,False,[]
802,2.5,0.5,8.5,0.001,False,[]
803,3.5,0.5,8.5,0.001,False,[]
804,4.5,0.5,8.5,0.001,False,[]
805,5.5,0.5,8.5,0.001,False,[]
806,6.5,0.5,8.5,0.001,False,[]
807,7.5,0.5,8.5,0.001,False,[]
808,8.5,0.5,8.5,0.001,False,[]
809,9.5,0.5,8.5,0.001,False,[]
810,0.5,1.5,8.5,0.001,False,[]
811,1.5,1.5,8.5,0.001,False,[]
812,2.5,1.5,8.5,0.001,False,[]
813,3.5,1.5,8.5,0.001,False,[]
814,4.5,1.5,8.5,0.001,False,[]
815,5.5,1.5,8.5,0.001,False,[]
816,6.5,1.5,8.5,0.001,False,[]
817,7.5,1.5,8.5,0.001,False,[]
818,8.5,1.5,8.5,0.001,False,[]
819,9.5,1.5,8.5,0.001,False,[]
820,0.5,2.5,8.5,0.001,False,[]
821,1.5,2.5,8.5,0.00796901459794,False,[]
822,2.5,2.5,8.5,0.0135979990298,False,[]
823,3.5,2.5,8.5,0.00135771198078,False,[]
824,4.5,2.5,8.5,0.0109880908504,False,[]
825,5.5,2.5,8.5,0.00123127236964,False,[]
826,6.5,2.5,8.5,0.0139383582967,False,[]
827,7.5,2.5,8.5,0.00741790039547,False,[]
828,8.5,2.5,8.5,0.001,False,[]
829,9.5,2.5,8.5,0.001,False,[]
830,0.5,3.5,8.5,0.00913051703093,False,[]
831,1.5,3.5,8.5,0.479485956181,False,[931, 841, 832, 930, 941, 842, 921, 741, 932, 732]
832,2.5,3.5,8.5,0.84823015161,False,[831, 842, 932, 732, 933, 942, 931, 841, 742, 922]
833,3.5,3.5,8.5,0.0593278824398,False,[]
834,4.5,3.5,8.5,0.663878522924,False,[934, 844, 734, 744, 935, 735, 944, 933, 924]
835,5.5,3.5,8.5,0.0519676651974,False,[]
836,6.5,3.5,8.5,0.869588271501,False,[936, 837, 846, 736, 847, 937, 935, 946, 926, 746]
837,7.5,3.5,8.5,0.445618873865,False,[836, 847, 937, 736, 846, 947, 938, 747, 936, 927]
838,8.5,3.5,8.5,0.00741790039547,False,[]
839,9.5,3.5,8.5,0.001,False,[]
840,0.5,4.5,8.5,0.0100014416707,False,[]
841,1.5,4.5,8.5,0.53400296079,False,[842, 851, 831, 941, 741, 751, 931, 951, 852, 832]
842,2.5,4.5,8.5,0.804412446907,False,[841, 852, 832, 942, 742, 851, 752, 952, 943, 743]
843,3.5,4.5,8.5,0.0627018070671,False,[]
844,4.5,4.5,8.5,0.689834909277,False,[944, 854, 834, 744, 945, 745, 954, 734, 754, 934]
845,5.5,4.5,8.5,0.0442745444187,False,[]
846,6.5,4.5,8.5,0.793892844645,False,[946, 856, 847, 836, 746, 756, 837, 857, 956, 947]
847,7.5,4.5,8.5,0.598285006155,False,[947, 857, 837, 846, 747, 757, 836, 856, 957, 937]
848,8.5,4.5,8.5,0.00976085837922,False,[]
849,9.5,4.5,8.5,0.001,False,[]
850,0.5,5.5,8.5,0.0103947223092,False,[]
851,1.5,5.5,8.5,0.555506643929,False,[852, 841, 861, 951, 751, 741, 961, 941, 842, 862]
852,2.5,5.5,8.5,0.810680411057,False,[851, 842, 862, 952, 752, 841, 742, 942, 953, 753]
853,3.5,5.5,8.5,0.0631282475288,False,[]
854,4.5,5.5,8.5,0.708497816746,False,[954, 844, 864, 754, 955, 755, 944, 764, 744, 964]
855,5.5,5.5,8.5,0.0425955051416,False,[]
856,6.5,5.5,8.5,0.776250015429,False,[956, 846, 857, 866, 756, 746, 867, 847, 946, 957]
857,7.5,5.5,8.5,0.474817779872,False,[957, 847, 867, 856, 757, 747, 866, 846, 947, 967]
858,8.5,5.5,8.5,0.00777858244394,False,[]
859,9.5,5.5,8.5,0.001,False,[]
860,0.5,6.5,8.5,0.00907859026346,False,[]
861,1.5,6.5,8.5,0.47701343016,False,[961, 851, 862, 962, 951, 852, 960, 751, 971, 762]
862,2.5,6.5,8.5,0.850152001425,False,[861, 852, 962, 762, 963, 952, 972, 851, 752, 961]
863,3.5,6.5,8.5,0.0579836961735,False,[]
864,4.5,6.5,8.5,0.637299062447,False,[964, 854, 764, 754, 965, 954, 974, 963]
865,5.5,6.5,8.5,0.051941387076,False,[]
866,6.5,6.5,8.5,0.868968996382,False,[966, 867, 856, 766, 857, 967, 756, 956, 976, 965]
867,7.5,6.5,8.5,0.510755820828,False,[866, 857, 967, 766, 856, 957, 977, 757, 966, 968]
868,8.5,6.5,8.5,0.00846774349534,False,[]
869,9.5,6.5,8.5,0.001,False,[]
870,0.5,7.5,8.5,0.001,False,[]
871,1.5,7.5,8.5,0.00792450594011,False,[]
872,2.5,7.5,8.5,0.0136283584026,False,[]
873,3.5,7.5,8.5,0.00134222407941,False,[]
874,4.5,7.5,8.5,0.0105874642288,False,[]
875,5.5,7.5,8.5,0.00124865755838,False,[]
876,6.5,7.5,8.5,0.0139003146629,False,[]
877,7.5,7.5,8.5,0.00846774349534,False,[]
878,8.5,7.5,8.5,0.001,False,[]
879,9.5,7.5,8.5,0.001,False,[]
880,0.5,8.5,8.5,0.001,False,[]
881,1.5,8.5,8.5,0.001,False,[]
882,2.5,8.5,8.5,0.001,False,[]
883,3.5,8.5,8.5,0.001,False,[]
884,4.5,8.5,8.5,0.001,False,[]
885,5.5,8.5,8.5,0.001,False,[]
886,6.5,8.5,8.5,0.001,False,[]
887,7.5,8.5,8.5,0.001,False,[]
888,8.5,8.5,8.5,0.001,False,[]
889,9.5,8.5,8.5,0.001,False,[]
890,0.5,9.5,8.5,0.001,False,[]
891,1.5,9.5,8.5,0.001,False,[]
892,2.5,9.5,8.5,0.001,False,[]
893,3.5,9.5,8.5,0.001,False,[]
894,4.5,9.5,8.5,0.001,False,[]
895,5.5,9.5,8.5,0.001,False,[]
896,6.5,9.5,8.5,0.001,False,[]
897,7.5,9.5,8.5,0.001,False,[]
898,8.5,9.5,8.5,0.001,False,[]
899,9.5,9.5,8.5,0.001,False,[]
900,0.5,0.5,9.5,0.001,False,[]
901,1.5,0.5,9.5,0.001,False,[]
902,2.5,0.5,9.5,0.001,False,[]
903,3.5,0.5,9.5,0.001,False,[]
904,4.5,0.5,9.5,0.001,False,[]
905,5.5,0.5,9.5,0.001,False,[]
906,6.5,0.5,9.5,0.001,False,[]
907,7.5,0.5,9.5,0.001,False,[]
908,8.5,0.5,9.5,0.001,False,[]
909,9.5,0.5,9.5,0.001,False,[]
910,0.5,1.5,9.5,0.001,False,[]
911,1.5,1.5,9.5,0.001,False,[]
912,2.5,1.5,9.5,0.001,False,[]
913,3.5,1.5,9.5,0.001,False,[]
914,4.5,1.5,9.5,0.001,False,[]
915,5.5,1.5,9.5,0.001,False,[]
916,6.5,1.5,9.5,0.001,False,[]
917,7.5,1.5,9.5,0.001,False,[]
918,8.5,1.5,9.5,0.001,False,[]
919,9.5,1.5,9.5,0.001,False,[]
920,0.5,2.5,9.5,1.0,True,[930, 921, 931]
921,1.5,2.5,9.5,1.0,True,[922, 931, 920, 930, 932, 831]
922,2.5,2.5,9.5,1.0,True,[932, 923, 921, 931, 933, 832]
923,3.5,2.5,9.5,1.0,True,[933, 922, 924, 932, 934]
924,4.5,2.5,9.5,1.0,True,[934, 925, 923, 933, 935, 834]
925,5.5,2.5,9.5,1.0,True,[935, 924, 926, 934, 936]
926,6.5,2.5,9.5,1.0,True,[936, 927, 925, 935, 937, 836]
927,7.5,2.5,9.5,1.0,True,[937, 926, 928, 938, 936, 837]
928,8.5,2.5,9.5,1.0,True,[938, 927, 937]
929,9.5,2.5,9.5,0.001,False,[]
930,0.5,3.5,9.5,1.0,True,[931, 940, 920, 921, 941, 831]
931,1.5,3.5,9.5,1.0,True,[921, 941, 932, 930, 831, 940, 841, 942, 922, 920]
932,2.5,3.5,9.5,1.0,True,[922, 933, 942, 931, 832, 923, 921, 943, 941, 842]
933,3.5,3.5,9.5,1.0,True,[934, 943, 932, 923, 942, 944, 832, 924, 922, 834]
934,4.5,3.5,9.5,1.0,True,[924, 935, 944, 933, 834, 925, 844, 945, 943, 923]
935,5.5,3.5,9.5,1.0,True,[936, 934, 945, 925, 944, 926, 924, 834, 946, 836]
936,6.5,3.5,9.5,1.0,True,[926, 937, 946, 935, 836, 927, 837, 947, 846, 945]
937,7.5,3.5,9.5,1.0,True,[927, 947, 936, 938, 837, 847, 836, 946, 948, 926]
938,8.5,3.5,9.5,1.0,True,[937, 948, 928, 947, 927, 837]
939,9.5,3.5,9.5,0.001,False,[]
940,0.5,4.5,9.5,1.0,True,[930, 950, 941, 931, 951, 841]
941,1.5,4.5,9.5,1.0,True,[940, 951, 931, 942, 841, 950, 851, 952, 932, 831]
942,2.5,4.5,9.5,1.0,True,[941, 952, 943, 932, 842, 951, 852, 953, 933, 931]
943,3.5,4.5,9.5,1.0,True,[942, 953, 933, 944, 952, 954, 842, 932, 934, 844]
944,4.5,4.5,9.5,1.0,True,[943, 945, 954, 934, 844, 933, 953, 955, 935, 854]
945,5.5,4.5,9.5,1.0,True,[935, 955, 944, 946, 954, 956, 844, 934, 936, 846]
946,6.5,4.5,9.5,1.0,True,[945, 956, 947, 936, 846, 955, 856, 957, 937, 935]
947,7.5,4.5,9.5,1.0,True,[948, 957, 937, 946, 847, 857, 936, 956, 958, 938]
948,8.5,4.5,9.5,1.0,True,[938, 958, 947, 957, 937, 847]
949,9.5,4.5,9.5,0.001,False,[]
950,0.5,5.5,9.5,1.0,True,[960, 940, 951, 961, 941, 851]
951,1.5,5.5,9.5,1.0,True,[950, 941, 961, 952, 851, 940, 841, 942, 962, 861]
952,2.5,5.5,9.5,1.0,True,[951, 942, 953, 962, 852, 941, 842, 943, 963, 961]
953,3.5,5.5,9.5,1.0,True,[952, 943, 963, 954, 942, 944, 852, 962, 964, 854]
954,4.5,5.5,9.5,1.0,True,[953, 955, 944, 964, 854, 963, 943, 945, 965, 844]
955,5.5,5.5,9.5,1.0,True,[965, 945, 954, 956, 944, 946, 854, 964, 966, 856]
956,6.5,5.5,9.5,1.0,True,[955, 946, 957, 966, 856, 945, 846, 947, 967, 965]
957,7.5,5.5,9.5,1.0,True,[958, 947, 967, 956, 857, 847, 966, 946, 948, 968]
958,8.5,5.5,9.5,1.0,True,[968, 948, 957, 947, 967, 857]
959,9.5,5.5,9.5,0.001,False,[]
960,0.5,6.5,9.5,1.0,True,[970, 950, 961, 971, 951, 861]
961,1.5,6.5,9.5,1.0,True,[960, 951, 971, 962, 861, 950, 851, 952, 972, 970]
962,2.5,6.5,9.5,1.0,True,[961, 963, 952, 972, 862, 971, 951, 953, 973, 852]
963,3.5,6.5,9.5,1.0,True,[973, 953, 962, 964, 952, 954, 862, 972, 974, 864]
964,4.5,6.5,9.5,1.0,True,[963, 965, 954, 974, 864, 854, 953, 955, 975, 973]
965,5.5,6.5,9.5,1.0,True,[975, 964, 955, 966, 954, 974, 976, 864, 956, 866]
966,6.5,6.5,9.5,1.0,True,[965, 967, 956, 976, 866, 867, 856, 957, 977, 955]
967,7.5,6.5,9.5,1.0,True,[968, 957, 966, 977, 867, 857, 976, 956, 958, 866]
968,8.5,6.5,9.5,1.0,True,[978, 958, 967, 957, 977, 867]
969,9.5,6.5,9.5,0.001,False,[]
970,0.5,7.5,9.5,1.0,True,[971, 960, 961]
971,1.5,7.5,9.5,1.0,True,[970, 972, 961, 962, 960, 861]
972,2.5,7.5,9.5,1.0,True,[971, 973, 962, 963, 961, 862]
973,3.5,7.5,9.5,1.0,True,[974, 972, 963, 962, 964]
974,4.5,7.5,9.5,1.0,True,[973, 975, 964, 965, 963, 864]
975,5.5,7.5,9.5,1.0,True,[976, 974, 965, 964, 966]
976,6.5,7.5,9.5,1.0,True,[975, 977, 966, 967, 965, 866]
977,7.5,7.5,9.5,1.0,True,[978, 976, 967, 966, 968, 867]
978,8.5,7.5,9.5,1.0,True,[977, 968, 967]
979,9.5,7.5,9.5,0.001,False,[]
980,0.5,8.5,9.5,0.001,False,[]
981,1.5,8.5,9.5,0.001,False,[]
982,2.5,8.5,9.5,0.001,False,[]
983,3.5,8.5,9.5,0.001,False,[]
984,4.5,8.5,9.5,0.001,False,[]
985,5.5,8.5,9.5,0.001,False,[]
986,6.5,8.5,9.5,0.001,False,[]
987,7.5,8.5,9.5,0.001,False,[]
988,8.5,8.5,9.5,0.001,False,[]
989,9.5,8.5,9.5,0.001,False,[]
990,0.5,9.5,9.5,0.001,False,[]
991,1.5,9.5,9.5,0.001,False,[]
992,2.5,9.5,9.5,0.001,False,[]
993,3.5,9.5,9.5,0.001,False,[]
994,4.5,9.5,9.5,0.001,False,[]
995,5.5,9.5,9.5,0.001,False,[]
996,6.5,9.5,9.5,0.001,False,[]
997,7.5,9.5,9.5,0.001,False,[]
998,8.5,9.5,9.5,0.001,False,[]
999,9.5,9.5,9.5,0.001,False,[]
